time_bin	animal_1	animal_2	animal_3
00:00:00	-0.33647490645540784	-0.5514569287675902	-0.4076661004369065
00:01:00	-0.2434449225321801	-0.5169271875916878	-0.6038055583495032
00:02:00	-0.25071289002618236	-0.5385082758266269	-0.6038055583495032
00:03:00	-0.25071289002618236	-0.6248326287663832	-0.6038055583495032
00:04:00	-0.2725167925081888	-0.6248326287663832	-0.6038055583495032
00:05:00	-0.2870527274961931	-0.6248326287663832	-0.6038055583495032
00:06:00	-0.29432069499019525	-0.6320263248446962	-0.6038055583495032
00:07:00	-0.3015886624841974	-0.6392200209230092	-0.6038055583495032
00:08:00	-0.3161245974722017	-0.6392200209230092	-0.6038055583495032
00:09:00	-0.3233925649662039	-0.603251540531444	-0.6038055583495032
00:10:00	-0.3379284999542082	-0.581670452296505	-0.6038055583495032
00:11:00	-0.3524644349422125	-0.588864148374818	-0.6038055583495032
00:12:00	-0.36700036993021684	-0.6032515405314441	-0.6038055583495032
00:13:00	-0.38153630491822116	-0.6032515405314441	-0.6038055583495032
00:14:00	-0.3960722399062255	-0.596057844453131	-0.6038055583495032
00:15:00	-0.4033402074002277	-0.581670452296505	-0.6038055583495032
00:16:00	-0.417876142388232	-0.567283060139879	-0.6038055583495032
00:17:00	-0.4251441098822341	-0.567283060139879	-0.6038055583495032
00:18:00	-0.4324120773762363	-0.567283060139879	-0.6038055583495032
00:19:00	-0.44694801236424064	-0.567283060139879	-0.6038055583495032
00:20:00	-0.46148394735224496	-0.560089364061566	-0.6038055583495032
00:21:00	-0.46148394735224496	-0.560089364061566	-0.6038055583495032
00:22:00	-0.5196276873042622	-0.560089364061566	-0.6038055583495032
00:23:00	-0.5268956547982644	-0.560089364061566	-0.6038055583495032
00:24:00	-0.5632354922682752	-0.560089364061566	-0.6038055583495032
00:25:00	-0.5632354922682752	-0.560089364061566	-0.6038055583495032
00:26:00	-0.5850393947502817	-0.560089364061566	-0.6038055583495032
00:27:00	-0.5923073622442838	-0.574476756218192	-0.6038055583495032
00:28:00	-0.5923073622442838	-0.574476756218192	-0.6038055583495032
00:29:00	-0.599575329738286	-0.574476756218192	-0.6038055583495032
00:30:00	-0.5777714272562795	-0.574476756218192	-0.6038055583495032
00:31:00	-0.5777714272562795	-0.574476756218192	-0.6038055583495032
00:32:00	-0.5705034597622773	-0.574476756218192	-0.6038055583495032
00:33:00	-0.555967524774273	-0.574476756218192	-0.6038055583495032
00:34:00	-0.5341636222922665	-0.567283060139879	-0.6038055583495032
00:35:00	-0.5341636222922665	-0.567283060139879	-0.6038055583495032
00:36:00	-0.4905558173282536	-0.567283060139879	-0.6038055583495032
00:37:00	-0.3888042724122233	-0.567283060139879	-0.6038055583495032
00:38:00	-0.3815363049182212	-0.567283060139879	-0.6038055583495032
00:39:00	-0.3815363049182212	-0.6032515405314441	-0.6038055583495032
00:40:00	-0.3815363049182212	-0.6392200209230092	-0.6038055583495032
00:41:00	-0.3670003699302169	-0.6392200209230092	-0.6038055583495032
00:42:00	-0.3670003699302169	-0.6392200209230092	-0.6038055583495032
00:43:00	-0.3670003699302169	-0.6392200209230092	-0.6038055583495032
00:44:00	-0.3670003699302169	-0.6464137170013222	-0.6038055583495032
00:45:00	-0.3670003699302169	-0.6608011091579483	-0.6038055583495032
00:46:00	-0.3670003699302169	-0.6751885013145744	-0.6038055583495032
00:47:00	-0.3670003699302169	-0.6751885013145744	-0.6038055583495032
00:48:00	-0.3670003699302169	-0.6751885013145744	-0.6038055583495032
00:49:00	-0.3670003699302169	-0.6751885013145744	-0.6038055583495032
00:50:00	-0.3670003699302169	-0.6823821973928874	-0.6038055583495032
00:51:00	-0.3670003699302169	-0.6823821973928874	-0.6038055583495032
00:52:00	-0.3670003699302169	-0.6823821973928874	-0.6038055583495032
00:53:00	-0.3670003699302169	-0.6823821973928874	-0.6038055583495032
00:54:00	-0.3670003699302169	-0.6823821973928874	-0.6038055583495032
00:55:00	-0.3670003699302169	-0.6823821973928874	-0.6038055583495032
00:56:00	-0.3670003699302169	-0.6823821973928874	-0.6038055583495032
00:57:00	-0.3670003699302169	-0.6823821973928874	-0.6038055583495032
00:58:00	-0.374268337424219	-0.6823821973928874	-0.6038055583495032
00:59:00	-0.3815363049182212	-0.6823821973928874	-0.6038055583495032
01:00:00	-0.41787614238823195	-0.6823821973928874	-0.6038055583495032
01:01:00	-0.4396800448702385	-0.6823821973928874	-0.6038055583495032
01:02:00	-0.44694801236424064	-0.6823821973928874	-0.6038055583495032
01:03:00	-0.46148394735224496	-0.6823821973928874	-0.6038055583495032
01:04:00	-0.48328784983425144	-0.6895758934712004	-0.6038055583495032
01:05:00	-0.48328784983425144	-0.6104452366097571	-0.6038055583495032
01:06:00	-0.5268956547982644	-0.596057844453131	-0.6038055583495032
01:07:00	-0.6286471997142946	-0.588864148374818	-0.6038055583495032
01:08:00	-0.6359151672082968	-0.588864148374818	-0.6038055583495032
01:09:00	-0.6359151672082968	-0.588864148374818	-0.6038055583495032
01:10:00	-0.6359151672082968	-0.588864148374818	-0.6038055583495032
01:11:00	-0.6504511021963011	-0.588864148374818	-0.6038055583495032
01:12:00	-0.6504511021963011	-0.588864148374818	-0.6038055583495032
01:13:00	-0.6359151672082968	-0.588864148374818	-0.6038055583495032
01:14:00	-0.6359151672082968	-0.588864148374818	-0.6038055583495032
01:15:00	-0.6359151672082968	-0.588864148374818	-0.6038055583495032
01:16:00	-0.6359151672082968	-0.588864148374818	-0.6038055583495032
01:17:00	-0.6359151672082968	-0.588864148374818	-0.6038055583495032
01:18:00	-0.6359151672082968	-0.588864148374818	-0.6038055583495032
01:19:00	-0.6359151672082968	-0.588864148374818	-0.6038055583495032
01:20:00	-0.6359151672082968	-0.588864148374818	-0.6038055583495032
01:21:00	-0.6359151672082968	-0.588864148374818	-0.6038055583495032
01:22:00	-0.6359151672082968	-0.588864148374818	-0.6038055583495032
01:23:00	-0.6359151672082968	-0.588864148374818	-0.6038055583495032
01:24:00	-0.6359151672082968	-0.588864148374818	-0.6038055583495032
01:25:00	-0.5850393947502817	-0.588864148374818	-0.6038055583495032
01:26:00	-0.5850393947502817	-0.588864148374818	-0.6038055583495032
01:27:00	-0.5850393947502817	-0.588864148374818	-0.6038055583495032
01:28:00	-0.5850393947502817	-0.588864148374818	-0.6038055583495032
01:29:00	-0.5850393947502817	-0.588864148374818	-0.6038055583495032
01:30:00	-0.5850393947502817	-0.588864148374818	-0.6038055583495032
01:31:00	-0.5850393947502817	-0.588864148374818	-0.6038055583495032
01:32:00	-0.5850393947502817	-0.588864148374818	-0.6038055583495032
01:33:00	-0.5850393947502817	-0.588864148374818	-0.6038055583495032
01:34:00	-0.5850393947502817	-0.588864148374818	-0.6038055583495032
01:35:00	-0.5850393947502817	-0.6679948052362613	-0.6038055583495032
01:36:00	-0.5850393947502817	-0.6823821973928874	-0.6038055583495032
01:37:00	-0.5850393947502817	-0.6895758934712004	-0.6038055583495032
01:38:00	-0.5850393947502817	-0.6895758934712004	-0.6038055583495032
01:39:00	-0.5850393947502817	-0.6895758934712004	-0.5956330809364784
01:40:00	-0.5850393947502817	-0.6895758934712004	-0.5956330809364784
01:41:00	-0.5850393947502817	-0.6895758934712004	-0.5956330809364784
01:42:00	-0.5850393947502817	-0.6895758934712004	-0.5956330809364784
01:43:00	-0.599575329738286	-0.6895758934712004	-0.5956330809364784
01:44:00	-0.599575329738286	-0.6895758934712004	-0.5956330809364784
01:45:00	-0.599575329738286	-0.6895758934712004	-0.5956330809364784
01:46:00	-0.599575329738286	-0.6895758934712004	-0.5956330809364784
01:47:00	-0.599575329738286	-0.6895758934712004	-0.5956330809364784
01:48:00	-0.599575329738286	-0.6895758934712004	-0.5956330809364784
01:49:00	-0.599575329738286	-0.6895758934712004	-0.5956330809364784
01:50:00	-0.599575329738286	-0.6895758934712004	-0.5792881261104286
01:51:00	-0.599575329738286	-0.6895758934712004	-0.5711156486974038
01:52:00	-0.5850393947502817	-0.6895758934712004	-0.5465982164583292
01:53:00	-0.5632354922682752	-0.6895758934712004	-0.5465982164583292
01:54:00	-0.5632354922682752	-0.6895758934712004	-0.5465982164583292
01:55:00	-0.6141112647262903	-0.6895758934712004	-0.5465982164583292
01:56:00	-0.6141112647262903	-0.6895758934712004	-0.5465982164583292
01:57:00	-0.6141112647262903	-0.6895758934712004	-0.5465982164583292
01:58:00	-0.6141112647262903	-0.6895758934712004	-0.5465982164583292
01:59:00	-0.6141112647262903	-0.6895758934712004	-0.5465982164583292
02:00:00	-0.6068432972322881	-0.6895758934712004	-0.5465982164583292
02:01:00	-0.5850393947502817	-0.6895758934712004	-0.5465982164583292
02:02:00	-0.40334020740022763	-0.6895758934712004	-0.5465982164583292
02:03:00	-0.3088566299781996	-0.6895758934712004	-0.5465982164583292
02:04:00	-0.279784760002191	-0.6895758934712004	-0.5465982164583292
02:05:00	-0.27251679250818883	-0.6895758934712004	-0.5465982164583292
02:06:00	-0.12715744262814554	-0.6895758934712004	-0.5465982164583292
02:07:00	-0.11988947513414339	-0.6895758934712004	-0.5465982164583292
02:08:00	-0.1126215076401412	-0.6895758934712004	-0.5465982164583292
02:09:00	-0.10535354014613904	-0.6895758934712004	-0.554770693871354
02:10:00	-0.10535354014613904	-0.6895758934712004	-0.554770693871354
02:11:00	0.04000580973390416	-0.6895758934712004	-0.554770693871354
02:12:00	0.08361361469791712	-0.6895758934712004	-0.5384257390453043
02:13:00	0.08361361469791712	-0.6895758934712004	-0.5384257390453043
02:14:00	0.08361361469791712	-0.6895758934712004	-0.5384257390453043
02:15:00	0.08361361469791712	-0.6895758934712004	-0.5384257390453043
02:16:00	0.08361361469791712	-0.6895758934712004	-0.5384257390453043
02:17:00	0.08361361469791712	-0.6895758934712004	-0.5384257390453043
02:18:00	0.08361361469791712	-0.6895758934712004	-0.5384257390453043
02:19:00	0.08361361469791712	-0.6895758934712004	-0.5384257390453043
02:20:00	0.08361361469791712	-0.6895758934712004	-0.554770693871354
02:21:00	0.08361361469791712	-0.6895758934712004	-0.5629431712843789
02:22:00	0.0690776797099128	-0.6895758934712004	-0.5874606035234535
02:23:00	0.047273777227906294	-0.6895758934712004	-0.5874606035234535
02:24:00	0.047273777227906294	-0.6895758934712004	-0.5874606035234535
02:25:00	0.047273777227906294	-0.6895758934712004	-0.5874606035234535
02:26:00	0.047273777227906294	-0.6895758934712004	-0.5874606035234535
02:27:00	0.047273777227906294	-0.6895758934712004	-0.5874606035234535
02:28:00	0.047273777227906294	-0.6895758934712004	-0.5874606035234535
02:29:00	0.047273777227906294	-0.6895758934712004	-0.5874606035234535
02:30:00	0.04000580973390416	-0.6895758934712004	-0.5874606035234535
02:31:00	0.018201907251897576	-0.6895758934712004	-0.5874606035234535
02:32:00	-0.16349728009815637	-0.6895758934712004	-0.5874606035234535
02:33:00	-0.23617695503817793	-0.6895758934712004	-0.5874606035234535
02:34:00	-0.2652488250141866	-0.6895758934712004	-0.5874606035234535
02:35:00	-0.2725167925081888	-0.6895758934712004	-0.5874606035234535
02:36:00	-0.417876142388232	-0.6895758934712004	-0.5874606035234535
02:37:00	-0.4251441098822341	-0.6895758934712004	-0.5874606035234535
02:38:00	-0.4324120773762363	-0.6895758934712004	-0.5874606035234535
02:39:00	-0.4396800448702385	-0.6895758934712004	-0.5874606035234535
02:40:00	-0.4396800448702385	-0.6895758934712004	-0.5874606035234535
02:41:00	-0.5850393947502817	-0.6895758934712004	-0.5874606035234535
02:42:00	-0.6286471997142946	-0.6895758934712004	-0.6038055583495032
02:43:00	-0.6286471997142946	-0.6895758934712004	-0.6038055583495032
02:44:00	-0.6286471997142946	-0.6895758934712004	-0.6038055583495032
02:45:00	-0.6286471997142946	-0.6895758934712004	-0.6038055583495032
02:46:00	-0.6286471997142946	-0.6895758934712004	-0.6038055583495032
02:47:00	-0.6286471997142946	-0.6895758934712004	-0.6038055583495032
02:48:00	-0.6286471997142946	-0.6895758934712004	-0.6038055583495032
02:49:00	-0.6286471997142946	-0.6895758934712004	-0.6038055583495032
02:50:00	-0.6286471997142946	-0.6895758934712004	-0.6038055583495032
02:51:00	-0.6286471997142946	-0.6895758934712004	-0.6038055583495032
02:52:00	-0.6213792322202925	-0.6895758934712004	-0.6038055583495032
02:53:00	-0.6068432972322881	-0.6895758934712004	-0.6038055583495032
02:54:00	-0.5923073622442838	-0.6895758934712004	-0.6038055583495032
02:55:00	-0.5705034597622773	-0.6895758934712004	-0.6038055583495032
02:56:00	-0.5486995572802709	-0.6895758934712004	-0.6038055583495032
02:57:00	-0.5341636222922665	-0.6895758934712004	-0.6038055583495032
02:58:00	-0.5123597198102601	-0.6895758934712004	-0.6038055583495032
02:59:00	-0.5050917523162579	-0.6895758934712004	-0.6038055583495032
03:00:00	-0.4905558173282536	-0.6895758934712004	-0.6038055583495032
03:01:00	-0.4687519148462471	-0.6895758934712004	-0.6038055583495032
03:02:00	-0.4542159798582428	-0.6823821973928874	-0.6038055583495032
03:03:00	-0.4542159798582428	-0.6608011091579483	-0.6038055583495032
03:04:00	-0.4396800448702385	-0.6536074130796353	-0.6038055583495032
03:05:00	-0.4251441098822341	-0.6536074130796353	-0.6038055583495032
03:06:00	-0.3960722399062255	-0.6320263248446962	-0.6038055583495032
03:07:00	-0.38153630491822116	-0.6248326287663832	-0.6038055583495032
03:08:00	-0.38153630491822116	-0.6248326287663832	-0.6038055583495032
03:09:00	-0.38153630491822116	-0.6248326287663832	-0.6038055583495032
03:10:00	-0.3451964674482104	-0.6248326287663832	-0.6038055583495032
03:11:00	-0.2870527274961931	-0.6248326287663832	-0.6038055583495032
03:12:00	-0.2725167925081888	-0.6104452366097571	-0.6038055583495032
03:13:00	-0.25798085752018446	-0.588864148374818	-0.6038055583495032
03:14:00	-0.25798085752018446	-0.588864148374818	-0.6038055583495032
03:15:00	-0.23617695503817798	-0.581670452296505	-0.6038055583495032
03:16:00	-0.22164102005017366	-0.5672830601398791	-0.6038055583495032
03:17:00	-0.2143730525561715	-0.5672830601398791	-0.6038055583495032
03:18:00	-0.2143730525561715	-0.5672830601398791	-0.6038055583495032
03:19:00	-0.2143730525561715	-0.5672830601398791	-0.6038055583495032
03:20:00	-0.2143730525561715	-0.5672830601398791	-0.6038055583495032
03:21:00	-0.2143730525561715	-0.5672830601398791	-0.6038055583495032
03:22:00	-0.22164102005017366	-0.54570197190494	-0.6038055583495032
03:23:00	-0.23617695503817798	-0.4162154424953054	-0.6038055583495032
03:24:00	-0.25071289002618224	-0.4162154424953054	-0.6038055583495032
03:25:00	-0.2725167925081888	-0.4162154424953054	-0.6038055583495032
03:26:00	-0.29432069499019525	-0.4162154424953054	-0.6038055583495032
03:27:00	-0.30885662997819957	-0.4162154424953054	-0.6038055583495032
03:28:00	-0.33066053246020605	-0.4162154424953054	-0.6038055583495032
03:29:00	-0.3379284999542082	-0.4162154424953054	-0.6038055583495032
03:30:00	-0.3524644349422125	-0.4162154424953054	-0.6038055583495032
03:31:00	-0.374268337424219	-0.4162154424953054	-0.6038055583495032
03:32:00	-0.3888042724122233	-0.4234091385736185	-0.6038055583495032
03:33:00	-0.4106081748942298	-0.44499022680855754	-0.6038055583495032
03:34:00	-0.4251441098822341	-0.4521839228868706	-0.6038055583495032
03:35:00	-0.43968004487023843	-0.4521839228868706	-0.6038055583495032
03:36:00	-0.46875191484624706	-0.47376501112180963	-0.6038055583495032
03:37:00	-0.4832878498342514	-0.4809587072001227	-0.6038055583495032
03:38:00	-0.4832878498342514	-0.4809587072001227	-0.6038055583495032
03:39:00	-0.4832878498342514	-0.4809587072001227	-0.6038055583495032
03:40:00	-0.5196276873042622	-0.4809587072001227	-0.6038055583495032
03:41:00	-0.5777714272562795	-0.4809587072001227	-0.6038055583495032
03:42:00	-0.5923073622442838	-0.49534609935674867	-0.6038055583495032
03:43:00	-0.599575329738286	-0.5169271875916878	-0.6038055583495032
03:44:00	-0.5850393947502817	-0.5169271875916878	-0.6038055583495032
03:45:00	-0.5850393947502817	-0.5241208836700009	-0.6038055583495032
03:46:00	-0.5923073622442838	-0.5385082758266269	-0.6038055583495032
03:47:00	-0.599575329738286	-0.5385082758266269	-0.6038055583495032
03:48:00	-0.599575329738286	-0.5385082758266269	-0.6038055583495032
03:49:00	-0.599575329738286	-0.5385082758266269	-0.6038055583495032
03:50:00	-0.599575329738286	-0.5385082758266269	-0.6038055583495032
03:51:00	-0.599575329738286	-0.5385082758266269	-0.6038055583495032
03:52:00	-0.599575329738286	-0.560089364061566	-0.6038055583495032
03:53:00	-0.5923073622442838	-0.6895758934712004	-0.6038055583495032
03:54:00	-0.5777714272562795	-0.6895758934712004	-0.6038055583495032
03:55:00	-0.5777714272562795	-0.6895758934712004	-0.6038055583495032
03:56:00	-0.5486995572802709	-0.6895758934712004	-0.6038055583495032
03:57:00	-0.5123597198102601	-0.6895758934712004	-0.6038055583495032
03:58:00	-0.4905558173282536	-0.6895758934712004	-0.6038055583495032
03:59:00	-0.4542159798582428	-0.6895758934712004	-0.6038055583495032
04:00:00	-0.4324120773762363	-0.6823821973928874	-0.6038055583495032
04:01:00	-0.42514410988223417	-0.6823821973928874	-0.6038055583495032
04:02:00	-0.39607223990622553	-0.6679948052362613	-0.6038055583495032
04:03:00	-0.3670003699302169	-0.6679948052362613	-0.6038055583495032
04:04:00	-0.3597324024362147	-0.6679948052362613	-0.6038055583495032
04:05:00	-0.34519646744821036	-0.6608011091579483	-0.6038055583495032
04:06:00	-0.31612459747220173	-0.6392200209230092	-0.6038055583495032
04:07:00	-0.2870527274961931	-0.6032515405314441	-0.6038055583495032
04:08:00	-0.2579808575201844	-0.6032515405314441	-0.6038055583495032
04:09:00	-0.2143730525561715	-0.596057844453131	-0.6038055583495032
04:10:00	-0.19256915007416503	-0.574476756218192	-0.6038055583495032
04:11:00	-0.14896134511015205	-0.574476756218192	-0.6038055583495032
04:12:00	-0.1053535401461391	-0.574476756218192	-0.6038055583495032
04:13:00	-0.09081760515813475	-0.574476756218192	-0.6038055583495032
04:14:00	-0.07628167017013049	-0.567283060139879	-0.6038055583495032
04:15:00	-0.06901370267612827	-0.567283060139879	-0.6038055583495032
04:16:00	-0.032673865206117564	-0.5528956679832528	-0.6038055583495032
04:17:00	0.003665972263893341	-0.5241208836700009	-0.6038055583495032
04:18:00	0.03273784223990192	-0.5241208836700009	-0.6038055583495032
04:19:00	0.06180971221591061	-0.5241208836700009	-0.6038055583495032
04:20:00	0.09088158219191922	-0.5241208836700009	-0.6038055583495032
04:21:00	0.1126854846739257	-0.5241208836700009	-0.6038055583495032
04:22:00	0.13448938715593212	-0.5169271875916878	-0.6038055583495032
04:23:00	0.14902532214393643	-0.5025397954350618	-0.6038055583495032
04:24:00	0.1708292246259429	-0.5025397954350618	-0.6038055583495032
04:25:00	0.21443702958995597	-0.5025397954350618	-0.6038055583495032
04:26:00	0.21443702958995597	-0.5025397954350618	-0.6038055583495032
04:27:00	0.22170499708395808	-0.5025397954350618	-0.6038055583495032
04:28:00	0.22897296457796024	-0.5025397954350618	-0.6038055583495032
04:29:00	0.21443702958995592	-0.5025397954350618	-0.6038055583495032
04:30:00	0.20716906209595376	-0.5097334915133748	-0.6038055583495032
04:31:00	0.21443702958995592	-0.5097334915133748	-0.6038055583495032
04:32:00	0.21443702958995597	-0.5241208836700008	-0.6038055583495032
04:33:00	0.22170499708395797	-0.5241208836700008	-0.6038055583495032
04:34:00	0.2580448345539689	-0.5241208836700008	-0.6038055583495032
04:35:00	0.28711670452997756	-0.5313145797483139	-0.6038055583495032
04:36:00	0.2943846720239797	-0.552895667983253	-0.6038055583495032
04:37:00	0.28711670452997756	-0.588864148374818	-0.6038055583495032
04:38:00	0.2798487370359754	-0.581670452296505	-0.6038055583495032
04:39:00	0.2725807695419733	-0.588864148374818	-0.6038055583495032
04:40:00	0.2725807695419732	-0.6104452366097571	-0.6038055583495032
04:41:00	0.2507768670599667	-0.6104452366097571	-0.6038055583495032
04:42:00	0.22897296457796032	-0.6104452366097571	-0.6038055583495032
04:43:00	0.23624093207196245	-0.6104452366097571	-0.6038055583495032
04:44:00	0.22897296457796024	-0.6176389326880702	-0.6038055583495032
04:45:00	0.21443702958995586	-0.6176389326880702	-0.6038055583495032
04:46:00	0.2725807695419732	-0.6320263248446962	-0.6038055583495032
04:47:00	0.2507768670599667	-0.6464137170013222	-0.6038055583495032
04:48:00	0.23624093207196234	-0.6464137170013222	-0.6038055583495032
04:49:00	0.21443702958995586	-0.6464137170013222	-0.6038055583495032
04:50:00	0.2289729645779603	-0.6176389326880702	-0.6038055583495032
04:51:00	0.20716906209595387	-0.6104452366097571	-0.6038055583495032
04:52:00	0.19263312710794944	-0.6176389326880702	-0.6038055583495032
04:53:00	0.18536515961394728	-0.6320263248446962	-0.6038055583495032
04:54:00	0.17809719211994518	-0.6320263248446962	-0.6038055583495032
04:55:00	0.1417573546499344	-0.6320263248446962	-0.6038055583495032
04:56:00	0.12722141966193	-0.6320263248446962	-0.6038055583495032
04:57:00	0.08361361469791712	-0.6320263248446962	-0.6038055583495032
04:58:00	0.0545417447219084	-0.6248326287663832	-0.6038055583495032
04:59:00	0.03273784223990192	-0.6248326287663832	-0.6038055583495032
05:00:00	0.018201907251897603	-0.6032515405314441	-0.6038055583495032
05:01:00	0.018201907251897603	-0.6032515405314441	-0.6038055583495032
05:02:00	0.0036659722638932857	-0.596057844453131	-0.6038055583495032
05:03:00	-0.03267386520611751	-0.574476756218192	-0.6038055583495032
05:04:00	-0.07628167017013046	-0.574476756218192	-0.6038055583495032
05:05:00	-0.11988947513414341	-0.574476756218192	-0.6038055583495032
05:06:00	-0.14169337761614986	-0.574476756218192	-0.6038055583495032
05:07:00	-0.15622931260415418	-0.560089364061566	-0.6038055583495032
05:08:00	-0.1562293126041542	-0.567283060139879	-0.6038055583495032
05:09:00	-0.192569150074165	-0.560089364061566	-0.6038055583495032
05:10:00	-0.2143730525561715	-0.5241208836700009	-0.6038055583495032
05:11:00	-0.23617695503817798	-0.4521839228868706	-0.6038055583495032
05:12:00	-0.2507128900261823	-0.3226973934772361	-0.6038055583495032
05:13:00	-0.2725167925081888	-0.30831000132061004	-0.6038055583495032
05:14:00	-0.27978476000219094	-0.30831000132061004	-0.6038055583495032
05:15:00	-0.2725167925081888	-0.30831000132061004	-0.6038055583495032
05:16:00	-0.3670003699302168	-0.30831000132061004	-0.6038055583495032
05:17:00	-0.38153630491822116	-0.3226973934772361	-0.6038055583495032
05:18:00	-0.38153630491822116	-0.3226973934772361	-0.6038055583495032
05:19:00	-0.374268337424219	-0.3226973934772361	-0.6038055583495032
05:20:00	-0.3888042724122233	-0.3514721777904882	-0.6038055583495032
05:21:00	-0.3524644349422125	-0.3586658738688012	-0.6038055583495032
05:22:00	-0.3306605324602061	-0.3586658738688012	-0.6038055583495032
05:23:00	-0.330660532460206	-0.3586658738688012	-0.6038055583495032
05:24:00	-0.3451964674482104	-0.3586658738688012	-0.6038055583495032
05:25:00	-0.3451964674482104	-0.3586658738688012	-0.6038055583495032
05:26:00	-0.34519646744821036	-0.3586658738688012	-0.6038055583495032
05:27:00	-0.30885662997819957	-0.3586658738688012	-0.6038055583495032
05:28:00	-0.2725167925081888	-0.3658595699471142	-0.6038055583495032
05:29:00	-0.2725167925081888	-0.3658595699471142	-0.6038055583495032
05:30:00	-0.22890898754417582	-0.3802469621037403	-0.6038055583495032
05:31:00	-0.22890898754417582	-0.3802469621037403	-0.6038055583495032
05:32:00	-0.20710508506216932	-0.3874406581820533	-0.6038055583495032
05:33:00	-0.192569150074165	-0.4090217464169924	-0.6038055583495032
05:34:00	-0.17076524759215855	-0.4090217464169924	-0.6038055583495032
05:35:00	-0.14896134511015205	-0.4090217464169924	-0.6038055583495032
05:36:00	-0.1416933776161499	-0.39463435426036636	-0.6038055583495032
05:37:00	-0.11988947513414344	-0.4090217464169924	-0.6038055583495032
05:38:00	-0.1053535401461391	-0.4090217464169924	-0.6038055583495032
05:39:00	-0.09081760515813478	-0.4162154424953054	-0.5302532616322795
05:40:00	-0.047209800194121826	-0.4306028346519315	-0.5302532616322795
05:41:00	-0.03267386520611748	-0.49534609935674867	-0.5302532616322795
05:42:00	-0.010869962724111004	-0.6248326287663832	-0.5220807842192545
05:43:00	0.010933939757895472	-0.6392200209230092	-0.5139083068062298
05:44:00	0.05454174472190844	-0.6392200209230092	-0.5139083068062298
05:45:00	0.0763456472039149	-0.6392200209230092	-0.5139083068062298
05:46:00	0.09814954968592138	-0.6392200209230092	-0.5139083068062298
05:47:00	0.12722141966193004	-0.6392200209230092	-0.5139083068062298
05:48:00	0.14175735464993436	-0.6392200209230092	-0.5139083068062298
05:49:00	0.15629328963793868	-0.6392200209230092	-0.5057358293932048
05:50:00	0.17082922462594302	-0.6392200209230092	-0.49756335198018
05:51:00	0.1562932896379387	-0.6392200209230092	-0.48939087456715513
05:52:00	0.1490253221439365	-0.6392200209230092	-0.47304591974110544
05:53:00	0.1635612571319409	-0.596057844453131	-0.45670096491505574
05:54:00	0.16356125713194083	-0.581670452296505	-0.3668037133717822
05:55:00	0.170829224625943	-0.581670452296505	-0.3668037133717822
05:56:00	0.1562932896379387	-0.5744767562181919	-0.3668037133717822
05:57:00	0.11995345216792788	-0.5744767562181919	-0.3668037133717822
05:58:00	0.10541751717992356	-0.5744767562181919	-0.3668037133717822
05:59:00	0.14175735464993433	-0.5744767562181919	-0.3668037133717822
06:00:00	0.11995345216792788	-0.581670452296505	-0.35863123595875734
06:01:00	0.1344893871559322	-0.581670452296505	-0.3504587585457325
06:02:00	0.11995345216792788	-0.581670452296505	-0.3422862811327076
06:03:00	0.10541751717992356	-0.581670452296505	-0.3259413263066579
06:04:00	0.10541751717992356	-0.581670452296505	-0.317768848893633
06:05:00	0.08361361469791706	-0.581670452296505	-0.317768848893633
06:06:00	0.0763456472039149	-0.596057844453131	-0.317768848893633
06:07:00	0.08361361469791709	-0.588864148374818	-0.317768848893633
06:08:00	0.06180971221591064	-0.588864148374818	-0.2769064618285087
06:09:00	0.05454174472190845	-0.588864148374818	-0.3259413263066579
06:10:00	0.010933939757895472	-0.6104452366097571	-0.3014238940675833
06:11:00	0.0036659722638933134	-0.6176389326880701	-0.29325141665455845
06:12:00	-0.025405897712115322	-0.6104452366097571	-0.29325141665455845
06:13:00	-0.047209800194121826	-0.6032515405314441	-0.2850789392415336
06:14:00	-0.09808557265213691	-0.6032515405314441	-0.26873398441548385
06:15:00	-0.1344254101221477	-0.6032515405314441	-0.25238902958943416
06:16:00	-0.1634972800981564	-0.6032515405314441	-0.22787159735035956
06:17:00	-0.18530118258016287	-0.6032515405314441	-0.19518168769826008
06:18:00	-0.19983711756816716	-0.6032515405314441	-0.1706642554591855
06:19:00	-0.22890898754417582	-0.596057844453131	-0.15431930063313576
06:20:00	-0.25798085752018446	-0.588864148374818	-0.13797434580708606
06:21:00	-0.2725167925081888	-0.588864148374818	-0.11345691356801149
06:22:00	-0.2943206949901952	-0.588864148374818	-0.10528443615498662
06:23:00	-0.3233925649662039	-0.6320263248446962	-0.08893948132893689
06:24:00	-0.33792849995420826	-0.6464137170013222	-0.13797434580708604
06:25:00	-0.33066053246020605	-0.6464137170013222	-0.11345691356801146
06:26:00	-0.3161245974722018	-0.6536074130796353	-0.10528443615498662
06:27:00	-0.28705272749619315	-0.6536074130796353	-0.07259452650288722
06:28:00	-0.2943206949901952	-0.6536074130796353	-0.03990461685078772
06:29:00	-0.3161245974722017	-0.6536074130796353	-0.015387184611713178
06:30:00	-0.3379284999542082	-0.6464137170013222	-0.0072147071986883304
06:31:00	-0.3597324024362146	-0.6320263248446962	0.0009577702143365174
06:32:00	-0.3670003699302168	-0.6320263248446962	0.009130247627361476
06:33:00	-0.3597324024362147	-0.6104452366097571	0.009130247627361476
06:34:00	-0.3597324024362147	-0.581670452296505	0.03364767986643602
06:35:00	-0.32339256496620383	-0.5385082758266269	0.04999263469248577
06:36:00	-0.32339256496620383	-0.49534609935674867	0.05816511210551062
06:37:00	-0.35246443494221247	-0.4593776189651836	0.08268254434458522
06:38:00	-0.34519646744821036	-0.45218392288687054	0.06633758951853552
06:39:00	-0.35246443494221247	-0.42340913857361845	0.06633758951853547
06:40:00	-0.35246443494221247	-0.4090217464169924	0.05816511210551062
06:41:00	-0.3597324024362147	-0.3802469621037403	0.06633758951853552
06:42:00	-0.35246443494221247	-0.36585956994711427	0.08268254434458522
06:43:00	-0.35246443494221247	-0.3442784817121752	0.09902749917063502
06:44:00	-0.35246443494221247	-0.28672891308567094	0.11537245399668461
06:45:00	-0.3597324024362147	-0.25076043269410586	0.13171740882273442
06:46:00	-0.3597324024362147	-0.21479195230254067	0.12354493140970946
06:47:00	-0.3597324024362147	-0.18601716798928863	0.09902749917063502
06:48:00	-0.3670003699302168	-0.14285499151941045	0.09085502175761007
06:49:00	-0.3670003699302168	-0.10688651112784534	0.09085502175761007
06:50:00	-0.3597324024362147	-0.06372433465796717	0.09902749917063502
06:51:00	-0.3597324024362147	-0.027755854266402036	0.08268254434458522
06:52:00	-0.33792849995420826	0.008212626125163047	0.1480623636487841
06:53:00	-0.32339256496620394	0.06576219475166725	0.2624770474311322
06:54:00	-0.30885662997819957	0.10892437122154541	0.2297871377790327
06:55:00	-0.3015886624841974	0.16647393984804967	0.213442182952983
06:56:00	-0.28705272749619304	0.20963611631792778	0.31968438932230625
06:57:00	-0.30158866248419736	0.25279829278780597	0.3115119119092814
06:58:00	-0.28705272749619304	0.31034786141431014	0.28699447967020675
06:59:00	-0.28705272749619304	0.3678974300408143	0.28699447967020675
07:00:00	-0.2507128900261823	0.4110596065106925	0.30333943449625644
07:01:00	-0.2289089875441758	0.4254469986673185	0.3278568667353311
07:02:00	-0.22890898754417582	0.4829965672938229	0.35237429897440564
07:03:00	-0.2143730525561715	0.518965047685388	0.36871925380045534
07:04:00	-0.20710508506216932	0.526158743763701	0.3850642086265051
07:05:00	-0.22890898754417582	0.518965047685388	0.40958164086557974
07:06:00	-0.23617695503817795	0.526158743763701	0.40958164086557974
07:07:00	-0.19983711756816716	0.518965047685388	0.4177541182786046
07:08:00	-0.2143730525561715	0.5477398319986402	0.40958164086557974
07:09:00	-0.2143730525561715	0.5333524398420141	0.4177541182786046
07:10:00	-0.1998371175681672	0.540546135920327	0.42592659569162944
07:11:00	-0.192569150074165	0.5549335280769531	0.4340990731046543
07:12:00	-0.192569150074165	0.6196767927817703	0.4586165053437288
07:13:00	-0.18530118258016287	0.6196767927817703	0.45044402793070404
07:14:00	-0.18530118258016287	0.5909020084685181	0.4422715505176792
07:15:00	-0.17803321508616068	0.6124830967034572	0.45044402793070404
07:16:00	-0.16349728009815637	0.6196767927817702	0.4667889827567536
07:17:00	-0.16349728009815637	0.6700326653299615	0.5158238472349028
07:18:00	-0.17076524759215855	0.6988074496432135	0.573031189126077
07:19:00	-0.14896134511015205	0.6988074496432135	0.6138935761912013
07:20:00	-0.13442541012214776	0.6916137535649005	0.6138935761912011
07:21:00	-0.11988947513414344	0.7203885378781527	0.6547559632563253
07:22:00	-0.13442541012214773	0.7419696261130917	0.6220660536042261
07:23:00	-0.13442541012214776	0.7275822339564657	0.5076513698218781
07:24:00	-0.1053535401461391	0.7419696261130917	0.5485137568870023
07:25:00	-0.10535354014613907	0.7419696261130917	0.5893761439521266
07:26:00	-0.11262150764014123	0.7419696261130917	0.5403412794739775
07:27:00	-0.07628167017013046	0.7275822339564656	0.5893761439521266
07:28:00	-0.09081760515813479	0.6844200574865875	0.6220660536042262
07:29:00	-0.08354963766413262	0.6484515770950223	0.6629284406693504
07:30:00	-0.09808557265213692	0.6412578810167093	0.6711009180823754
07:31:00	-0.07628167017013046	0.6556452731733354	0.687445872908425
07:32:00	-0.06901370267612833	0.6196767927817703	0.687445872908425
07:33:00	-0.07628167017013046	0.8067128908179089	0.6792733954954001
07:34:00	-0.08354963766413265	0.835487675131161	0.744653214799599
07:35:00	-0.07628167017013046	0.821100282974535	0.7283082599735492
07:36:00	-0.061745735182126144	0.7779381065046568	0.7446532147995991
07:37:00	-0.08354963766413262	0.7419696261130917	0.7528256922126239
07:38:00	-0.03267386520611751	0.7131948417998395	0.7691706470386737
07:39:00	0.0981495496859214	0.7275822339564657	0.7691706470386737
07:40:00	0.09088158219191922	0.7275822339564656	0.801860556690773
07:41:00	0.09088158219191919	0.7203885378781526	0.7936880792777483
07:42:00	0.10541751717992356	0.6628389692516484	0.7609981696256487
07:43:00	0.10541751717992354	0.6556452731733354	0.7773431244516984
07:44:00	0.11995345216792783	0.6340641849383963	0.7691706470386735
07:45:00	0.11995345216792783	0.5909020084685181	0.7528256922126237
07:46:00	0.14175735464993436	0.5765146163118922	0.744653214799599
07:47:00	0.16356125713194083	0.518965047685388	0.7119633051474996
07:48:00	0.18536515961394728	0.4973839594504489	0.6465834858433006
07:49:00	0.21443702958995584	0.504577655528762	0.6220660536042261
07:50:00	0.19263312710794944	0.511771351607075	0.6465834858433006
07:51:00	0.17082922462594297	0.5189650476853879	0.687445872908425
07:52:00	0.22897296457796018	0.5117713516070749	0.6792733954954001
07:53:00	0.2580448345539688	0.518965047685388	0.7283082599735492
07:54:00	0.2435088995659646	0.518965047685388	0.7528256922126237
07:55:00	0.2580448345539688	0.5477398319986402	0.7855156018647234
07:56:00	0.2725807695419733	0.6268704888600835	0.7855156018647234
07:57:00	0.265312802047971	0.7060011457215267	0.7609981696256488
07:58:00	0.2943846720239796	0.78513180258297	0.801860556690773
07:59:00	0.3089206070119839	0.8282939790528481	0.801860556690773
08:00:00	0.3452604444819948	0.8498750672877872	0.8427229437558974
08:01:00	0.3379924769879927	0.8714561555227263	0.8999302856470713
08:02:00	0.3743323144580034	0.9290057241492304	0.9162752404731213
08:03:00	0.43974402190402284	0.7635507143480309	1.0143449694294193
08:04:00	0.49061979436203806	0.7635507143480309	0.9980000146033696
08:05:00	0.715926786676105	0.7995191947395961	1.0797247887336183
08:06:00	0.7304627216641093	0.8786498516010393	1.1859669951029417
08:07:00	0.7595345916401179	0.9290057241492305	1.2513468144071405
08:08:00	0.7377306891581115	0.9577805084624825	1.3248991111243642
08:09:00	0.6359791442420812	0.9649742045407956	1.406623885254613
08:10:00	0.6650510142180899	0.9937489888540477	1.4229688400806626
08:11:00	0.6795869492060941	1.0081363810106736	1.521038569036961
08:12:00	0.7013908516881007	1.0369111653239258	1.6436257302323338
08:13:00	0.7086588191821028	1.072879645715491	1.709005549536533
08:14:00	0.715926786676105	1.1016544300287432	1.7498679366016572
08:15:00	0.7231947541701071	1.1232355182636822	1.8070752784928312
08:16:00	0.7304627216641093	1.1520103025769342	1.8724550977970298
08:17:00	0.7377306891581115	1.1879787829684993	1.9296624396882038
08:18:00	0.7595345916401179	1.1807850868901864	1.9868697815793779
08:19:00	0.7522666241461158	1.1663976947335604	1.986869781579378
08:20:00	0.7449986566521136	1.1663976947335604	1.986869781579378
08:21:00	0.7449986566521136	1.1448166064986212	1.9950422589924028
08:22:00	0.6795869492060942	1.1663976947335604	2.0113872138184528
08:23:00	0.6359791442420814	1.1520103025769344	2.0113872138184528
08:24:00	0.6069072742660726	1.1376229104203082	2.0195596912314775
08:25:00	0.5632994693020597	1.0872670378721172	1.9950422589924028
08:26:00	0.5414955668200532	1.0009426849323608	1.9623523493403034
08:27:00	0.4978877618560402	0.9290057241492304	1.9623523493403032
08:28:00	0.4542799568920272	0.8714561555227262	1.8969725300361044
08:29:00	0.4179401194220165	0.8570687633661002	1.8561101429709803
08:30:00	0.35979637946999915	0.8282939790528481	1.7989028010798063
08:31:00	0.3234565419999884	0.7707444104263437	1.749867936601657
08:32:00	0.27984873703597535	0.6916137535649005	1.7825578462537564
08:33:00	0.1999010946019516	0.6124830967034572	1.692660594710483
08:34:00	0.12722141966193	0.5477398319986401	1.6436257302323338
08:35:00	-0.1198894751341434	0.4901902633721359	1.6027633431672095
08:36:00	-0.15622931260415424	0.4038659104323795	1.57007343351511
08:37:00	-0.18530118258016287	0.36789743004081443	1.5619009561020851
08:38:00	-0.21437305255617148	0.33192894964924924	1.512866091623936
08:39:00	-0.22890898754417582	0.30315416533599715	1.4311413174936876
08:40:00	-0.2652488250141866	0.267185684944432	1.3821064530155382
08:41:00	-0.2870527274961931	0.23841090063117998	1.2840367240592399
08:42:00	-0.33066053246020605	0.2024424202396148	1.1696220402768918
08:43:00	-0.3524644349422125	0.14489285161311052	1.1042422209726928
08:44:00	-0.38153630491822116	0.13050545945648453	1.0633798339075686
08:45:00	-0.3960722399062255	0.13769915553479756	1.0225174468424443
08:46:00	-0.43968004487023843	0.10173067514323245	0.9653101049512702
08:47:00	-0.4760198823402492	0.05137480259504125	0.9081027630600963
08:48:00	-0.5196276873042622	0.04418110651672822	0.8508954211689223
08:49:00	-0.5632354922682752	0.022600018281789147	0.8263779889298476
08:50:00	-0.5705034597622773	-0.00617476603146295	0.8182055115168227
08:51:00	-0.5705034597622773	-0.04214324642302811	0.7446532147995991
08:52:00	-0.5705034597622773	-0.09969281504953229	0.7201357825605245
08:53:00	-0.5705034597622773	-0.12127390328447138	0.6792733954954001
08:54:00	-0.5705034597622773	-0.15004868759772347	0.5975486213651515
08:55:00	-0.5705034597622773	-0.17162977583266253	0.5403412794739775
08:56:00	-0.5850393947502817	-0.20040456014591465	0.5076513698218781
08:57:00	-0.5850393947502817	-0.22198564838085377	0.4586165053437289
08:58:00	-0.5850393947502817	-0.25795412877241886	0.44227155051767914
08:59:00	-0.5850393947502817	-0.30831000132061004	0.41775411827860454
09:00:00	-0.5850393947502817	-0.3442784817121752	0.39323668603952994
09:01:00	-0.5923073622442838	-0.3514721777904882	0.32785686673533104
09:02:00	-0.6068432972322881	-0.3514721777904882	0.23795961519205755
09:03:00	-0.6068432972322881	-0.3514721777904882	0.22161466036600788
09:04:00	-0.6068432972322881	-0.3514721777904882	0.17257979588785868
09:05:00	-0.6068432972322881	-0.3514721777904882	0.11537245399668467
09:06:00	-0.6068432972322881	-0.3514721777904882	0.017302725040386352
09:07:00	-0.6286471997142946	-0.3658595699471142	-0.08076700391591202
09:08:00	-0.6359151672082968	-0.25076043269410586	-0.1379743458070861
09:09:00	-0.6504511021963011	-0.25795412877241886	-0.17066425545918554
09:10:00	-0.6504511021963011	-0.27234152092904496	-0.18700921028523526
09:11:00	-0.6504511021963011	-0.2723415209290449	-0.19518168769826014
09:12:00	-0.6431831347022989	-0.293922609163984	-0.19518168769826005
09:13:00	-0.6431831347022989	-0.2723415209290449	-0.2115266425243098
09:14:00	-0.6431831347022989	-0.293922609163984	-0.15431930063313576
09:15:00	-0.6431831347022989	-0.3370847856338621	-0.19518168769826008
09:16:00	-0.6431831347022989	-0.3586658738688012	-0.17883673287221036
09:17:00	-0.6431831347022989	-0.3658595699471142	-0.19518168769826008
09:18:00	-0.6431831347022989	-0.4018280503386794	-0.20335416511128496
09:19:00	-0.6431831347022989	-0.4162154424953054	-0.20335416511128496
09:20:00	-0.6431831347022989	-0.4377965307302445	-0.2196991199373347
09:21:00	-0.6431831347022989	-0.4521839228868706	-0.20335416511128493
09:22:00	-0.6431831347022989	-0.46657131504349664	-0.20335416511128493
09:23:00	-0.6431831347022989	-0.4809587072001227	-0.21969911993733465
09:24:00	-0.6431831347022989	-0.4953460993567487	-0.17883673287221036
09:25:00	-0.6431831347022989	-0.5097334915133748	-0.17883673287221036
09:26:00	-0.6431831347022989	-0.5169271875916878	-0.17883673287221036
09:27:00	-0.6431831347022989	-0.5313145797483139	-0.16249177804616066
09:28:00	-0.6141112647262903	-0.5313145797483139	-0.14614682322011094
09:29:00	-0.5850393947502817	-0.5313145797483139	0.05816511210551062
09:30:00	-0.5850393947502817	-0.5313145797483139	0.05816511210551062
09:31:00	-0.5850393947502817	-0.5313145797483139	0.05816511210551062
09:32:00	-0.5850393947502817	-0.5097334915133748	0.06633758951853547
09:33:00	-0.5850393947502817	-0.5097334915133748	0.049992634692485716
09:34:00	-0.5850393947502817	-0.5097334915133748	0.049992634692485716
09:35:00	-0.555967524774273	-0.5097334915133748	0.08268254434458522
09:36:00	-0.555967524774273	-0.5097334915133748	0.08268254434458522
09:37:00	-0.5341636222922665	-0.5097334915133748	0.08268254434458522
09:38:00	-0.5050917523162579	-0.6248326287663832	0.09085502175761007
09:39:00	-0.5050917523162579	-0.6248326287663832	0.09902749917063491
09:40:00	-0.49782378482225575	-0.6248326287663832	0.09902749917063491
09:41:00	-0.49782378482225575	-0.6464137170013222	0.09085502175761007
09:42:00	-0.5050917523162579	-0.6464137170013222	0.09902749917063491
09:43:00	-0.5050917523162579	-0.6679948052362613	0.09085502175761007
09:44:00	-0.48328784983425144	-0.6248326287663832	0.025475202453411172
09:45:00	-0.48328784983425144	-0.6248326287663832	0.03364767986643602
09:46:00	-0.48328784983425144	-0.6248326287663832	-0.015387184611713067
09:47:00	-0.48328784983425144	-0.6032515405314441	-0.023559662024738026
09:48:00	-0.4687519148462471	-0.6032515405314441	0.01730272504038627
09:49:00	-0.4687519148462471	-0.588864148374818	0.0009577702143365729
09:50:00	-0.3888042724122233	-0.581670452296505	-0.03173213943776282
09:51:00	-0.3888042724122233	-0.581670452296505	-0.08076700391591207
09:52:00	-0.3888042724122233	-0.3802469621037403	-0.12162939098103631
09:53:00	-0.3888042724122233	-0.15724238367603652	-0.1461468232201109
09:54:00	-0.3888042724122233	-0.15724238367603652	-0.18700921028523526
09:55:00	-0.36700036993021684	-0.14285499151941047	-0.18700921028523526
09:56:00	-0.36700036993021684	-0.14285499151941047	-0.18700921028523526
09:57:00	-0.36700036993021684	-0.14285499151941047	-0.20335416511128498
09:58:00	-0.3960722399062255	-0.14285499151941047	-0.21969911993733468
09:59:00	-0.4251441098822341	-0.14285499151941047	-0.42401105526295624
10:00:00	-0.4251441098822341	-0.14285499151941047	-0.42401105526295624
10:01:00	-0.4251441098822341	-0.14285499151941047	-0.42401105526295624
10:02:00	-0.4251441098822341	-0.1644360797543495	-0.42401105526295624
10:03:00	-0.374268337424219	-0.1644360797543495	-0.4158385778499314
10:04:00	-0.374268337424219	-0.15724238367603652	-0.4076661004369065
10:05:00	-0.40334020740022763	-0.15724238367603652	-0.4485284875020308
10:06:00	-0.40334020740022763	-0.15724238367603652	-0.4485284875020308
10:07:00	-0.40334020740022763	-0.15724238367603652	-0.44035601008900593
10:08:00	-0.4324120773762363	-0.15724238367603652	-0.4485284875020308
10:09:00	-0.42514410988223417	-0.13566129544109742	-0.45670096491505563
10:10:00	-0.4324120773762363	-0.13566129544109742	-0.4485284875020308
10:11:00	-0.4324120773762363	-0.13566129544109742	-0.4485284875020308
10:12:00	-0.4324120773762363	-0.020562158188089014	-0.48121839715413023
10:13:00	-0.4251441098822341	-0.020562158188089014	-0.49756335198018
10:14:00	-0.3888042724122233	-0.04933694250134105	-0.5057358293932048
10:15:00	-0.3888042724122233	-0.04933694250134105	-0.5139083068062297
10:16:00	-0.3888042724122233	-0.04933694250134105	-0.5057358293932048
10:17:00	-0.3888042724122233	-0.04933694250134105	-0.5057358293932048
10:18:00	-0.3960722399062255	-0.04214324642302805	-0.5465982164583292
10:19:00	-0.3379284999542082	-0.04933694250134116	-0.5465982164583292
10:20:00	-0.41787614238823195	-0.05653063857965418	-0.5465982164583292
10:21:00	-0.41787614238823195	-0.05653063857965418	-0.5384257390453043
10:22:00	-0.38153630491822116	-0.25795412877241886	-0.5302532616322794
10:23:00	-0.3524644349422125	-0.4809587072001227	-0.5302532616322794
10:24:00	-0.3524644349422125	-0.47376501112180963	-0.5220807842192545
10:25:00	-0.374268337424219	-0.4881524032784357	-0.5220807842192545
10:26:00	-0.374268337424219	-0.4881524032784357	-0.5057358293932048
10:27:00	-0.374268337424219	-0.4881524032784357	-0.5057358293932048
10:28:00	-0.2289089875441758	-0.4881524032784357	-0.5057358293932048
10:29:00	-0.2289089875441758	-0.4881524032784357	-0.5057358293932048
10:30:00	-0.2289089875441758	-0.4881524032784357	-0.5057358293932048
10:31:00	-0.2289089875441758	-0.4881524032784357	-0.5057358293932048
10:32:00	-0.2289089875441758	-0.4881524032784357	-0.5139083068062297
10:33:00	-0.27978476000219094	-0.4593776189651836	-0.49756335198018
10:34:00	-0.27978476000219094	-0.4593776189651836	-0.4730459197411054
10:35:00	-0.27978476000219094	-0.3658595699471142	-0.46487344232808053
10:36:00	-0.24344492253218014	-0.30831000132061004	-0.46487344232808053
10:37:00	-0.17076524759215853	-0.30831000132061004	-0.4730459197411054
10:38:00	-0.06901370267612827	-0.30831000132061004	-0.4730459197411054
10:39:00	-0.07628167017013043	-0.32989108955554913	-0.46487344232808053
10:40:00	-0.07628167017013043	-0.32989108955554913	-0.4812183971541303
10:41:00	-0.07628167017013043	-0.31550369739892303	-0.4812183971541303
10:42:00	-0.07628167017013043	-0.4306028346519315	-0.4812183971541303
10:43:00	-0.08354963766413259	-0.4090217464169924	-0.4812183971541303
10:44:00	-0.14169337761614986	-0.4018280503386794	-0.3668037133717822
10:45:00	-0.14169337761614986	-0.4018280503386794	-0.12162939098103631
10:46:00	-0.13442541012214773	-0.3874406581820533	-0.1298018683940612
10:47:00	-0.13442541012214773	-0.40182805033867935	-0.1298018683940612
10:48:00	-0.13442541012214773	-0.4090217464169924	-0.1298018683940612
10:49:00	-0.17803321508616068	-0.3442784817121752	-0.1298018683940612
10:50:00	-0.17803321508616068	-0.3370847856338621	-0.1298018683940612
10:51:00	-0.17803321508616068	-0.3370847856338621	-0.13797434580708606
10:52:00	-0.21437305255617148	-0.31550369739892303	-0.11345691356801148
10:53:00	-0.2434449225321801	-0.31550369739892303	-0.08893948132893688
10:54:00	-0.2434449225321801	-0.32269739347723614	-0.09711195874196175
10:55:00	-0.2434449225321801	-0.32269739347723614	-0.09711195874196175
10:56:00	-0.2434449225321801	-0.32269739347723614	-0.11345691356801148
10:57:00	-0.2434449225321801	-0.32269739347723614	-0.11345691356801148
10:58:00	-0.3888042724122233	-0.3155036973989231	-0.11345691356801148
10:59:00	-0.3888042724122233	-0.3155036973989231	-0.11345691356801148
11:00:00	-0.3888042724122233	-0.30111630524229704	-0.07259452650288713
11:01:00	-0.3888042724122233	-0.30111630524229704	-0.07259452650288713
11:02:00	-0.3888042724122233	-0.30111630524229704	-0.07259452650288713
11:03:00	-0.3888042724122233	-0.32989108955554913	-0.09711195874196171
11:04:00	-0.3888042724122233	-0.3370847856338621	-0.12980186839406116
11:05:00	-0.3888042724122233	-0.4090217464169924	-0.13797434580708604
11:06:00	-0.42514410988223417	-0.4665713150434966	-0.13797434580708604
11:07:00	-0.5196276873042622	-0.35147217779048817	-0.13797434580708604
11:08:00	-0.5705034597622773	-0.20040456014591462	-0.13797434580708604
11:09:00	-0.5341636222922665	-0.0637243346579672	-0.14614682322011088
11:10:00	-0.5341636222922665	0.044181106516728214	-0.14614682322011088
11:11:00	-0.5341636222922665	0.029793714360102225	-0.14614682322011088
11:12:00	-0.4905558173282536	0.029793714360102225	-0.14614682322011088
11:13:00	-0.46148394735224496	0.01540632220347618	-0.14614682322011088
11:14:00	-0.46148394735224496	-0.0061747660314629416	-0.2523890295894341
11:15:00	-0.46148394735224496	-0.0061747660314629416	-0.49756335198018
11:16:00	-0.4687519148462471	-0.02056215818808904	-0.49756335198018
11:17:00	-0.4687519148462471	-0.027755854266402036	-0.49756335198018
11:18:00	-0.4760198823402493	-0.027755854266402036	-0.49756335198018
11:19:00	-0.4905558173282536	-0.09969281504953229	-0.48939087456715513
11:20:00	-0.4905558173282536	-0.10688651112784528	-0.4812183971541303
11:21:00	-0.4905558173282536	-0.08530542289290621	-0.4812183971541303
11:22:00	-0.4760198823402493	-0.04214324642302805	-0.5139083068062297
11:23:00	-0.4687519148462471	0.23841090063117995	-0.5220807842192546
11:24:00	-0.4687519148462471	0.24560459670949294	-0.5057358293932048
11:25:00	-0.4687519148462471	0.29596046925768416	-0.5057358293932048
11:26:00	-0.46148394735224496	0.45422178298057075	-0.5057358293932048
11:27:00	-0.417876142388232	0.45422178298057075	-0.5057358293932048
11:28:00	-0.417876142388232	0.4542217829805707	-0.49756335198018
11:29:00	-0.417876142388232	0.46141547905888375	-0.4730459197411054
11:30:00	-0.417876142388232	0.45422178298057075	-0.5139083068062297
11:31:00	-0.34519646744821036	0.45422178298057075	-0.5139083068062297
11:32:00	-0.3233925649662039	0.45422178298057075	-0.5139083068062297
11:33:00	-0.31612459747220173	0.45422178298057075	-0.5139083068062297
11:34:00	-0.31612459747220173	0.45422178298057075	-0.5139083068062297
11:35:00	-0.31612459747220173	0.4326406947456317	-0.5139083068062297
11:36:00	-0.31612459747220173	0.4326406947456317	-0.5057358293932048
11:37:00	-0.31612459747220173	0.31754155749262325	-0.5057358293932048
11:38:00	-0.3233925649662039	0.1664739398480497	-0.5057358293932048
11:39:00	-0.21437305255617145	0.029793714360102197	-0.48939087456715513
11:40:00	-0.20710508506216935	-0.04933694250134113	-0.45670096491505563
11:41:00	-0.20710508506216935	0.11611806729985841	-0.45670096491505563
11:42:00	-0.22164102005017366	0.41105960651069245	-0.3831486681978319
11:43:00	-0.24344492253218014	0.4182533025890056	-0.16249177804616066
11:44:00	-0.24344492253218014	0.4182533025890056	-0.1706642554591855
11:45:00	-0.24344492253218014	0.4182533025890056	-0.15431930063313581
11:46:00	-0.24344492253218014	0.4182533025890056	-0.15431930063313581
11:47:00	-0.24344492253218014	0.4182533025890056	-0.15431930063313581
11:48:00	-0.236176955038178	0.4254469986673186	-0.15431930063313581
11:49:00	-0.236176955038178	0.4254469986673186	-0.16249177804616066
11:50:00	-0.236176955038178	0.4254469986673186	-0.1706642554591855
11:51:00	-0.1998371175681672	0.4038659104323794	-0.1706642554591855
11:52:00	-0.19256915007416503	0.33912264572756223	-0.1624917780461606
11:53:00	-0.1780332150861607	0.05856849867335423	-0.17883673287221036
11:54:00	-0.17076524759215858	0.051374802595041236	-0.18700921028523526
11:55:00	-0.17076524759215858	0.0010189300468500528	-0.17883673287221039
11:56:00	-0.1780332150861607	-0.1572423836760365	-0.17883673287221039
11:57:00	-0.2216410200501737	-0.1572423836760365	-0.17883673287221039
11:58:00	-0.2216410200501737	-0.16443607975434948	-0.17883673287221036
11:59:00	-0.2216410200501737	-0.17162977583266248	-0.20335416511128498
12:00:00	-0.2216410200501737	-0.17882347191097558	-0.18700921028523523
12:01:00	-0.2943206949901953	-0.17882347191097558	-0.17883673287221039
12:02:00	-0.31612459747220173	-0.1356612954410974	-0.17883673287221039
12:03:00	-0.3233925649662039	-0.1356612954410974	-0.17883673287221039
12:04:00	-0.29432069499019525	-0.1356612954410974	0.009130247627361462
12:05:00	-0.2507128900261823	-0.12846759936278435	0.0663375895185355
12:06:00	-0.22164102005017364	-0.12846759936278435	0.05816511210551061
12:07:00	-0.09081760515813478	-0.12846759936278435	0.0663375895185355
12:08:00	-0.11262150764014123	-0.08530542289290621	0.07451006693156031
12:09:00	-0.2507128900261823	-0.03494955034471503	0.058165112105510605
12:10:00	-0.23617695503817795	-0.049336942501341075	0.025475202453411144
12:11:00	-0.22164102005017364	-0.2147919523025407	0.025475202453411144
12:12:00	-0.25071289002618224	-0.5097334915133748	-0.048077094263812584
12:13:00	-0.25798085752018446	-0.5241208836700009	-0.2687339844154839
12:14:00	-0.23617695503817795	-0.5097334915133748	-0.2360440747633844
12:15:00	-0.22164102005017364	-0.4306028346519315	-0.2523890295894341
12:16:00	-0.22164102005017364	-0.1860171679892886	-0.22787159735035953
12:17:00	-0.22164102005017364	0.022600018281789175	-0.22787159735035953
12:18:00	-0.2289089875441758	0.022600018281789147	-0.22787159735035953
12:19:00	-0.2289089875441758	0.022600018281789147	-0.22787159735035953
12:20:00	-0.18530118258016282	0.029793714360102197	-0.22787159735035953
12:21:00	-0.16349728009815634	0.07295589082998033	-0.22787159735035953
12:22:00	-0.061745735182126116	0.10892437122154544	-0.20335416511128496
12:23:00	-0.061745735182126116	0.13050545945648453	-0.20335416511128496
12:24:00	-0.06901370267612825	0.15928024376973665	-0.08893948132893686
12:25:00	-0.06901370267612825	0.2096361163179279	-0.09711195874196173
12:26:00	-0.06901370267612825	0.21682981239624088	-0.08893948132893686
12:27:00	-0.06901370267612825	0.21682981239624088	-0.080767003915912
12:28:00	-0.06901370267612825	0.21682981239624088	-0.08893948132893685
12:29:00	-0.06901370267612825	0.21682981239624088	-0.07259452650288714
12:30:00	-0.06901370267612825	0.21682981239624088	-0.08893948132893686
12:31:00	-0.06901370267612825	0.21682981239624088	0.14806236364878417
12:32:00	-0.06901370267612825	0.17366763592636275	0.42592659569162944
12:33:00	-0.06901370267612825	0.17366763592636275	0.5566862343000273
12:34:00	-0.09808557265213688	0.1808613320046758	0.36871925380045545
12:35:00	-0.14169337761614986	0.17366763592636275	0.3278568667353311
12:36:00	-0.1707652475921585	0.17366763592636275	0.3278568667353311
12:37:00	-0.3015886624841974	0.17366763592636275	0.31968438932230625
12:38:00	-0.3233925649662039	0.18805502808298874	0.3115119119092814
12:39:00	-0.330660532460206	0.1736676359263626	0.3115119119092814
12:40:00	-0.3524644349422125	0.20963611631792775	0.3115119119092814
12:41:00	-0.3451964674482103	0.23121720455286685	0.3115119119092814
12:42:00	-0.3451964674482103	0.3822848221974405	0.3115119119092814
12:43:00	-0.3451964674482103	0.42544699866731855	0.3115119119092814
12:44:00	-0.3670003699302168	0.41105960651069257	0.27882200225718196
12:45:00	-0.3815363049182211	0.3319289496492493	0.27882200225718196
12:46:00	-0.3815363049182211	0.08734328298660637	0.25430457001810736
12:47:00	-0.3815363049182211	-0.12127390328447135	0.25430457001810736
12:48:00	-0.3815363049182211	-0.11408020720615833	0.25430457001810736
12:49:00	-0.3815363049182211	-0.10688651112784531	0.25430457001810736
12:50:00	-0.42514410988223417	-0.11408020720615833	0.25430457001810736
12:51:00	-0.48328784983425144	-0.15724238367603646	0.2869944796702068
12:52:00	-0.6068432972322881	-0.1932108640676016	0.25430457001810736
12:53:00	-0.6286471997142946	-0.19321086406760163	0.25430457001810736
12:54:00	-0.6286471997142946	-0.22198564838085375	0.1398898862357592
12:55:00	-0.6286471997142946	-0.25795412877241886	0.1480623636487841
12:56:00	-0.6286471997142946	-0.22917934445916677	0.13988988623575926
12:57:00	-0.6068432972322881	-0.22917934445916677	0.1317174088227344
12:58:00	-0.6068432972322881	-0.22917934445916677	0.1480623636487841
12:59:00	-0.6068432972322881	-0.22917934445916677	0.13988988623575926
13:00:00	-0.6068432972322881	-0.22917934445916677	0.13988988623575926
13:01:00	-0.6068432972322881	-0.20759825622422767	-0.09711195874196171
13:02:00	-0.6068432972322881	-0.15004868759772347	-0.3749761907848071
13:03:00	-0.6068432972322881	-0.12846759936278437	-0.5057358293932048
13:04:00	-0.6068432972322881	-0.1356612954410974	-0.49756335198018
13:05:00	-0.6068432972322881	-0.1356612954410974	-0.5057358293932048
13:06:00	-0.6068432972322881	-0.1356612954410974	-0.5057358293932048
13:07:00	-0.6068432972322881	-0.1356612954410974	-0.49756335198018
13:08:00	-0.6068432972322881	-0.1932108640676016	-0.49756335198018
13:09:00	-0.555967524774273	-0.22917934445916674	-0.49756335198018
13:10:00	-0.5486995572802709	-0.27953521700735795	-0.46487344232808053
13:11:00	-0.5705034597622773	-0.30111630524229704	-0.46487344232808053
13:12:00	-0.5705034597622773	-0.4521839228868706	-0.46487344232808053
13:13:00	-0.5705034597622773	-0.4953460993567488	-0.46487344232808053
13:14:00	-0.5705034597622773	-0.4953460993567488	-0.4485284875020308
13:15:00	-0.5705034597622773	-0.4953460993567488	-0.44035601008900593
13:16:00	-0.5705034597622773	-0.4953460993567488	-0.44035601008900593
13:17:00	-0.555967524774273	-0.4953460993567488	-0.4321835326759811
13:18:00	-0.5486995572802709	-0.5097334915133748	-0.41583857784993133
13:19:00	-0.5414315897862687	-0.5169271875916879	-0.4076661004369065
13:20:00	-0.5268956547982644	-0.5169271875916879	-0.3831486681978319
13:21:00	-0.5268956547982644	-0.5097334915133748	-0.41583857784993133
13:22:00	-0.5268956547982644	-0.5025397954350618	-0.41583857784993133
13:23:00	-0.5268956547982644	-0.5241208836700009	-0.3913211456108568
13:24:00	-0.5268956547982644	-0.5241208836700009	-0.39949362302388164
13:25:00	-0.5268956547982644	-0.5385082758266269	-0.4076661004369065
13:26:00	-0.5123597198102601	-0.574476756218192	-0.4076661004369065
13:27:00	-0.5341636222922665	-0.574476756218192	-0.4076661004369065
13:28:00	-0.5268956547982644	-0.574476756218192	-0.42401105526295624
13:29:00	-0.5268956547982644	-0.574476756218192	-0.4076661004369065
13:30:00	-0.5268956547982644	-0.574476756218192	-0.4076661004369065
13:31:00	-0.41787614238823195	-0.596057844453131	-0.4076661004369065
13:32:00	-0.19983711756816716	-0.6536074130796353	-0.4076661004369065
13:33:00	-0.18530118258016284	-0.6751885013145744	-0.4076661004369065
13:34:00	-0.17803321508616066	-0.6751885013145744	-0.41583857784993133
13:35:00	-0.16349728009815637	-0.6751885013145744	-0.42401105526295624
13:36:00	-0.1562293126041542	-0.6751885013145744	-0.4076661004369065
13:37:00	-0.1416933776161499	-0.6751885013145744	-0.4076661004369065
13:38:00	-0.1416933776161499	-0.6751885013145744	-0.4076661004369065
13:39:00	-0.192569150074165	-0.6751885013145744	-0.4076661004369065
13:40:00	-0.19983711756816716	-0.6536074130796353	-0.44035601008900593
13:41:00	-0.19983711756816716	-0.6104452366097571	-0.42401105526295624
13:42:00	-0.19983711756816716	-0.6104452366097571	-0.42401105526295624
13:43:00	-0.192569150074165	-0.6104452366097571	-0.42401105526295624
13:44:00	-0.192569150074165	-0.6104452366097571	-0.44035601008900593
13:45:00	-0.192569150074165	-0.596057844453131	-0.44852848750203084
13:46:00	-0.192569150074165	-0.588864148374818	-0.44035601008900593
13:47:00	-0.20710508506216932	-0.581670452296505	-0.44035601008900593
13:48:00	-0.21437305255617148	-0.574476756218192	-0.44852848750203084
13:49:00	-0.22164102005017364	-0.560089364061566	-0.4567009649150557
13:50:00	-0.23617695503817798	-0.5385082758266269	-0.46487344232808053
13:51:00	-0.23617695503817798	-0.5457019719049399	-0.4567009649150557
13:52:00	-0.23617695503817798	-0.552895667983253	-0.4567009649150557
13:53:00	-0.23617695503817798	-0.552895667983253	-0.47304591974110544
13:54:00	-0.23617695503817798	-0.552895667983253	-0.46487344232808053
13:55:00	-0.23617695503817798	-0.552895667983253	-0.44852848750203084
13:56:00	-0.2507128900261823	-0.552895667983253	-0.44035601008900593
13:57:00	-0.2507128900261823	-0.552895667983253	-0.44035601008900593
13:58:00	-0.25798085752018446	-0.4953460993567487	-0.44035601008900593
13:59:00	-0.25798085752018446	-0.4953460993567487	-0.46487344232808053
14:00:00	-0.25798085752018446	-0.4809587072001226	-0.46487344232808053
14:01:00	-0.3670003699302169	-0.4809587072001226	-0.4730459197411054
14:02:00	-0.5123597198102601	-0.4809587072001226	-0.4730459197411054
14:03:00	-0.4542159798582428	-0.4809587072001226	-0.4567009649150557
14:04:00	-0.46148394735224496	-0.4809587072001226	-0.44035601008900593
14:05:00	-0.4760198823402493	-0.44499022680855754	-0.44035601008900593
14:06:00	-0.48328784983425144	-0.44499022680855754	-0.4567009649150557
14:07:00	-0.49782378482225575	-0.44499022680855754	-0.46487344232808053
14:08:00	-0.4905558173282536	-0.4306028346519315	-0.46487344232808053
14:09:00	-0.48328784983425144	-0.4090217464169924	-0.46487344232808053
14:10:00	-0.48328784983425144	-0.4306028346519315	-0.46487344232808053
14:11:00	-0.48328784983425144	-0.4593776189651836	-0.4812183971541303
14:12:00	-0.4760198823402493	-0.22198564838085375	-0.4812183971541303
14:13:00	-0.45421597985824275	-0.14285499151941045	-0.47304591974110544
14:14:00	-0.45421597985824275	-0.13566129544109745	-0.47304591974110544
14:15:00	-0.45421597985824275	-0.1500486875977235	-0.47304591974110544
14:16:00	-0.45421597985824275	-0.15724238367603652	-0.4812183971541303
14:17:00	-0.45421597985824275	-0.16443607975434954	-0.48939087456715513
14:18:00	-0.45421597985824275	-0.16443607975434954	-0.49756335198018
14:19:00	-0.45421597985824275	-0.1788234719109756	-0.49756335198018
14:20:00	-0.45421597985824275	-0.20040456014591468	-0.5057358293932048
14:21:00	-0.45421597985824275	-0.20040456014591468	-0.5057358293932048
14:22:00	-0.45421597985824275	-0.20040456014591468	-0.5057358293932048
14:23:00	-0.45421597985824275	-0.20040456014591468	-0.5139083068062298
14:24:00	-0.45421597985824275	-0.20040456014591468	-0.5220807842192546
14:25:00	-0.43241207737623627	-0.20040456014591468	-0.5384257390453043
14:26:00	-0.4106081748942298	-0.20040456014591468	-0.5465982164583292
14:27:00	-0.40334020740022763	-0.20040456014591468	-0.5465982164583292
14:28:00	-0.40334020740022763	-0.25795412877241886	-0.5139083068062297
14:29:00	-0.3888042724122233	-0.25795412877241886	-0.5139083068062297
14:30:00	-0.3888042724122233	-0.27234152092904496	-0.5139083068062297
14:31:00	-0.3888042724122233	-0.27234152092904496	-0.5139083068062297
14:32:00	-0.4614839473522449	-0.27234152092904496	-0.5139083068062297
14:33:00	-0.5341636222922665	-0.2579541287724189	-0.5302532616322795
14:34:00	-0.5268956547982644	-0.2579541287724189	-0.5302532616322795
14:35:00	-0.5050917523162579	-0.29392260916398405	-0.38314866819783194
14:36:00	-0.4760198823402492	-0.29392260916398405	-0.023559662024738012
14:37:00	-0.4760198823402492	-0.29392260916398405	-0.015387184611713164
14:38:00	-0.4832878498342514	-0.30831000132061004	-0.007214707198688303
14:39:00	-0.49055581732825354	-0.32989108955554913	-0.007214707198688303
14:40:00	-0.4614839473522449	-0.32989108955554913	-0.007214707198688303
14:41:00	-0.45421597985824275	-0.32269739347723614	-0.007214707198688303
14:42:00	-0.4178761423882319	-0.560089364061566	-0.007214707198688303
14:43:00	-0.43241207737623627	-0.6392200209230092	-0.015387184611713164
14:44:00	-0.43241207737623627	-0.6464137170013222	0.0009577702143366146
14:45:00	-0.43241207737623627	-0.6464137170013222	0.01730272504038631
14:46:00	-0.43241207737623627	-0.6392200209230092	0.01730272504038631
14:47:00	-0.43241207737623627	-0.603251540531444	0.025475202453411214
14:48:00	-0.43241207737623627	-0.6104452366097571	0.0499926346924858
14:49:00	-0.4251441098822341	-0.6104452366097571	0.05816511210551066
14:50:00	-0.4106081748942298	-0.6104452366097571	0.04999263469248576
14:51:00	-0.4106081748942298	-0.6104452366097571	0.041820157279460896
14:52:00	-0.4106081748942298	-0.6104452366097571	0.041820157279460896
14:53:00	-0.4106081748942298	-0.6104452366097571	0.041820157279460896
14:54:00	-0.4033402074002276	-0.6032515405314441	0.041820157279460896
14:55:00	-0.4251441098822341	-0.581670452296505	0.041820157279460896
14:56:00	-0.4469480123642406	-0.552895667983253	0.041820157279460896
14:57:00	-0.45421597985824275	-0.5385082758266269	0.041820157279460896
14:58:00	-0.43968004487023843	-0.5097334915133748	0.017302725040386283
14:59:00	-0.45421597985824275	-0.5097334915133748	0.017302725040386283
15:00:00	-0.43968004487023843	-0.5097334915133748	0.017302725040386283
15:01:00	-0.43241207737623627	-0.5025397954350618	0.07451006693156033
15:02:00	-0.43241207737623627	-0.5025397954350618	0.12354493140970953
15:03:00	-0.43241207737623627	-0.5169271875916878	0.1644073184748338
15:04:00	-0.4251441098822341	-0.5169271875916878	0.14806236364878406
15:05:00	-0.44694801236424064	-0.47376501112180963	0.0009577702143366423
15:06:00	-0.4760198823402493	-0.22198564838085377	-0.35863123595875734
15:07:00	-0.4760198823402493	-0.21479195230254072	-0.3668037133717822
15:08:00	-0.4760198823402493	-0.19321086406760163	-0.37497619078480704
15:09:00	-0.4760198823402493	-0.1860171679892886	-0.19518168769826008
15:10:00	-0.5050917523162579	-0.1860171679892886	-0.06442204908986233
15:11:00	-0.5123597198102601	-0.19321086406760166	-0.06442204908986233
15:12:00	-0.555967524774273	-0.19321086406760166	-0.05624957167683747
15:13:00	-0.5705034597622773	-0.19321086406760166	-0.031732139437762805
15:14:00	-0.5632354922682752	-0.19321086406760166	-0.039904616850787666
15:15:00	-0.555967524774273	-0.1860171679892886	-0.056249571676837404
15:16:00	-0.555967524774273	-0.18601716798928858	-0.056249571676837404
15:17:00	-0.555967524774273	-0.20759825622422765	-0.06442204908986225
15:18:00	-0.555967524774273	-0.19321086406760163	-0.07259452650288711
15:19:00	-0.5486995572802709	-0.19321086406760163	-0.06442204908986225
15:20:00	-0.5632354922682752	-0.19321086406760163	-0.06442204908986225
15:21:00	-0.5632354922682752	-0.19321086406760163	-0.06442204908986225
15:22:00	-0.5632354922682752	-0.09969281504953229	-0.023559662024737943
15:23:00	-0.5632354922682752	-0.08530542289290621	-0.023559662024737943
15:24:00	-0.5705034597622773	-0.09249911897121926	-0.007214707198688303
15:25:00	-0.5705034597622773	-0.11408020720615836	-0.007214707198688303
15:26:00	-0.5705034597622773	-0.13566129544109742	0.0009577702143365521
15:27:00	-0.5705034597622773	-0.09969281504953229	0.04182015727946087
15:28:00	-0.5850393947502817	-0.12846759936278443	0.033647679866436006
15:29:00	-0.5850393947502817	-0.07091803073628021	0.04182015727946087
15:30:00	-0.599575329738286	0.03698741043841519	0.04182015727946087
15:31:00	-0.6068432972322881	0.05137480259504126	-0.015387184611713095
15:32:00	-0.6068432972322881	0.05137480259504126	-0.06442204908986232
15:33:00	-0.6068432972322881	0.05137480259504126	-0.10528443615498659
15:34:00	-0.6213792322202925	0.05137480259504126	-0.08893948132893686
15:35:00	-0.6213792322202925	0.008212626125163127	-0.08893948132893686
15:36:00	-0.6213792322202925	-0.2435667366157928	-0.08893948132893686
15:37:00	-0.599575329738286	-0.25076043269410586	-0.08893948132893686
15:38:00	-0.5486995572802709	-0.2723415209290449	-0.08893948132893686
15:39:00	-0.5123597198102601	-0.27953521700735795	-0.25238902958943416
15:40:00	-0.5123597198102601	-0.10688651112784531	-0.3831486681978319
15:41:00	-0.5123597198102601	0.1089243712215455	-0.3831486681978319
15:42:00	-0.45421597985824275	0.33912264572756223	-0.3913211456108568
15:43:00	-0.45421597985824275	0.3894785182757535	-0.4158385778499314
15:44:00	-0.4469480123642406	0.4038659104323795	-0.42401105526295624
15:45:00	-0.43968004487023843	0.4110596065106926	-0.42401105526295624
15:46:00	-0.40334020740022763	0.4110596065106926	-0.42401105526295624
15:47:00	-0.40334020740022763	0.40386591043237957	-0.42401105526295624
15:48:00	-0.3960722399062255	0.3894785182757535	-0.3913211456108568
15:49:00	-0.3524644349422125	0.3894785182757535	-0.37497619078480704
15:50:00	-0.31612459747220173	0.3894785182757535	-0.37497619078480704
15:51:00	-0.31612459747220173	0.3894785182757535	-0.37497619078480704
15:52:00	-0.27978476000219094	0.29596046925768416	-0.4158385778499314
15:53:00	-0.27978476000219094	0.3103478614143102	-0.4158385778499314
15:54:00	-0.27978476000219094	0.3103478614143102	-0.4076661004369065
15:55:00	-0.27978476000219094	0.3678974300408143	-0.4076661004369065
15:56:00	-0.22890898754417582	0.3750911261191274	-0.4158385778499314
15:57:00	-0.22890898754417582	0.3463163418058754	-0.4567009649150557
15:58:00	-0.22890898754417582	0.36789743004081443	-0.4567009649150557
15:59:00	-0.22890898754417582	0.43983439082394454	-0.4648734423280806
16:00:00	-0.22890898754417582	0.49738395945044883	-0.4648734423280806
16:01:00	-0.2143730525561715	0.6340641849383961	-0.4648734423280806
16:02:00	-0.1780332150861607	0.6340641849383961	-0.4648734423280806
16:03:00	-0.17076524759215855	0.6340641849383961	-0.4648734423280806
16:04:00	-0.17076524759215855	0.6340641849383961	-0.4812183971541303
16:05:00	-0.17076524759215855	0.6484515770950222	-0.44852848750203084
16:06:00	-0.17076524759215855	0.6484515770950222	-0.4321835326759811
16:07:00	-0.19256915007416503	0.6484515770950222	-0.4158385778499314
16:08:00	-0.24344492253218014	0.6628389692516482	-0.40766610043690654
16:09:00	-0.27978476000219094	0.6628389692516482	-0.42401105526295624
16:10:00	-0.27978476000219094	0.5189650476853881	-0.42401105526295624
16:11:00	-0.27978476000219094	0.2887667731793712	-0.42401105526295624
16:12:00	-0.33066053246020605	0.05856849867335433	-0.42401105526295624
16:13:00	-0.33066053246020605	0.015406322203476139	-0.42401105526295624
16:14:00	-0.3451964674482104	0.00101893004685015	-0.260561507002459
16:15:00	-0.35973240243621474	-0.01336846210977595	-0.19518168769826008
16:16:00	-0.3960722399062255	-0.020562158188088944	-0.18700921028523523
16:17:00	-0.3960722399062255	-0.02775585426640198	-0.18700921028523523
16:18:00	-0.40334020740022763	-0.013368462109775936	-0.20335416511128496
16:19:00	-0.46148394735224496	-0.013368462109775936	-0.13797434580708604
16:20:00	-0.49782378482225575	-0.013368462109775936	-0.03173213943776285
16:21:00	-0.49782378482225575	-0.013368462109775936	-0.023559662024737978
16:22:00	-0.5341636222922665	-0.0061747660314629416	-0.023559662024737978
16:23:00	-0.5268956547982644	-0.03494955034471506	-0.023559662024737978
16:24:00	-0.5196276873042622	-0.03494955034471506	-0.04807709426381257
16:25:00	-0.5196276873042622	-0.09249911897121929	-0.04807709426381257
16:26:00	-0.5705034597622773	-0.10688651112784534	-0.04807709426381257
16:27:00	-0.5705034597622773	-0.1284675993627844	-0.04807709426381257
16:28:00	-0.5414315897862687	-0.15004868759772352	-0.04807709426381257
16:29:00	-0.5414315897862687	-0.27953521700735795	-0.04807709426381257
16:30:00	-0.5414315897862687	-0.44499022680855754	-0.04807709426381257
16:31:00	-0.555967524774273	-0.6032515405314441	-0.04807709426381257
16:32:00	-0.5777714272562795	-0.6032515405314441	-0.023559662024737985
16:33:00	-0.5850393947502817	-0.574476756218192	0.0009577702143365868
16:34:00	-0.5850393947502817	-0.574476756218192	0.0009577702143365868
16:35:00	-0.5414315897862687	-0.588864148374818	-0.007214707198688247
16:36:00	-0.4905558173282536	-0.552895667983253	-0.02355966202473797
16:37:00	-0.4033402074002277	-0.5385082758266269	-0.023559662024737957
16:38:00	-0.4033402074002277	-0.5241208836700009	-0.03173213943776282
16:39:00	-0.3888042724122234	-0.4953460993567487	-0.03173213943776282
16:40:00	-0.3670003699302169	-0.5241208836700009	-0.03173213943776282
16:41:00	-0.35973240243621474	-0.5025397954350618	-0.03173213943776282
16:42:00	-0.3670003699302169	-0.5025397954350618	-0.03173213943776282
16:43:00	-0.3670003699302169	-0.5025397954350618	-0.03173213943776282
16:44:00	-0.3670003699302169	-0.4953460993567487	-0.19518168769826008
16:45:00	-0.3670003699302169	-0.4953460993567487	-0.2523890295894341
16:46:00	-0.3451964674482104	-0.4953460993567487	-0.2523890295894341
16:47:00	-0.3451964674482104	-0.4881524032784357	-0.2523890295894341
16:48:00	-0.3233925649662039	-0.5025397954350617	-0.28507893924153355
16:49:00	-0.31612459747220173	-0.5025397954350617	-0.37497619078480704
16:50:00	-0.31612459747220173	-0.5025397954350617	-0.4812183971541303
16:51:00	-0.2652488250141866	-0.47376501112180963	-0.46487344232808053
16:52:00	-0.23617695503817795	-0.4809587072001227	-0.44852848750203084
16:53:00	-0.24344492253218014	-0.4593776189651836	-0.4321835326759811
16:54:00	-0.17803321508616066	-0.4521839228868706	-0.4321835326759811
16:55:00	-0.17803321508616066	-0.41621544249530545	-0.4321835326759811
16:56:00	-0.13442541012214773	-0.293922609163984	-0.4321835326759811
16:57:00	-0.03267386520611747	-0.28672891308567094	-0.42401105526295624
16:58:00	-0.061745735182126116	-0.2723415209290449	-0.42401105526295624
16:59:00	-0.061745735182126116	-0.2723415209290449	-0.42401105526295624
17:00:00	-0.05447776768812396	-0.2723415209290449	-0.42401105526295624
17:01:00	0.025469874745899783	-0.2723415209290449	-0.42401105526295624
17:02:00	0.10541751717992356	-0.2723415209290449	-0.42401105526295624
17:03:00	0.18536515961394728	-0.29392260916398405	-0.44035601008900593
17:04:00	0.19263312710794947	-0.27953521700735795	-0.44035601008900593
17:05:00	0.14902532214393652	-0.27953521700735795	-0.4648734423280806
17:06:00	0.10541751717992356	-0.29392260916398405	-0.4648734423280806
17:07:00	0.018201907251897617	-0.30111630524229704	-0.4812183971541303
17:08:00	0.018201907251897617	-0.21479195230254072	-0.4812183971541303
17:09:00	0.0036659722638932996	-0.20040456014591465	-0.4812183971541303
17:10:00	-0.010869962724111004	-0.1572423836760365	-0.4812183971541303
17:11:00	-0.018137930218113163	-0.17882347191097558	-0.4812183971541303
17:12:00	-0.018137930218113163	-0.17882347191097558	-0.4812183971541303
17:13:00	-0.018137930218113163	-0.18601716798928858	-0.4812183971541303
17:14:00	-0.018137930218113163	-0.19321086406760163	-0.4812183971541303
17:15:00	-0.018137930218113163	-0.19321086406760163	-0.48939087456715513
17:16:00	-0.03994183270011967	-0.18601716798928858	-0.49756335198018004
17:17:00	-0.02540589771211535	-0.17882347191097553	-0.49756335198018004
17:18:00	0.09088158219191922	-0.17882347191097553	-0.49756335198018004
17:19:00	0.08361361469791706	-0.12127390328447135	-0.5057358293932048
17:20:00	0.10541751717992354	-0.013368462109775978	-0.5057358293932048
17:21:00	0.054541744721908425	0.18805502808298874	-0.5139083068062297
17:22:00	0.025469874745899818	0.31754155749262325	-0.5302532616322795
17:23:00	0.025469874745899818	0.35351003788418833	-0.5465982164583292
17:24:00	-0.04720980019412177	0.3463163418058753	-0.5384257390453042
17:25:00	-0.018137930218113163	0.31754155749262325	-0.5302532616322795
17:26:00	0.0036659722638933134	0.1952487241613018	-0.5302532616322795
17:27:00	-0.09081760515813478	0.20963611631792783	-0.5384257390453043
17:28:00	-0.09081760515813478	0.20244242023961478	-0.5220807842192545
17:29:00	-0.09081760515813478	0.20244242023961478	-0.5220807842192545
17:30:00	-0.09808557265213694	0.20244242023961478	-0.5220807842192545
17:31:00	-0.1344254101221477	0.22402350847455388	-0.5057358293932048
17:32:00	-0.2143730525561715	0.22402350847455388	-0.5302532616322795
17:33:00	-0.29432069499019525	0.22402350847455388	-0.5384257390453043
17:34:00	-0.2870527274961931	0.21682981239624083	-0.5384257390453043
17:35:00	-0.2652488250141866	0.2959604692576841	-0.5302532616322795
17:36:00	-0.2725167925081888	0.4614154790588837	-0.5139083068062298
17:37:00	-0.2725167925081888	0.4758028712155098	-0.5139083068062298
17:38:00	-0.2725167925081888	0.36070373396250144	-0.4812183971541303
17:39:00	-0.2725167925081888	0.31754155749262325	-0.47304591974110544
17:40:00	-0.27978476000219094	0.2815730771010581	-0.47304591974110544
17:41:00	-0.27978476000219094	0.2815730771010581	-0.47304591974110544
17:42:00	-0.2652488250141866	0.28876677317937116	-0.47304591974110544
17:43:00	-0.2652488250141866	0.28876677317937116	-0.47304591974110544
17:44:00	-0.20710508506216935	0.28876677317937116	-0.46487344232808053
17:45:00	-0.0617457351821261	0.28876677317937116	-0.42401105526295624
17:46:00	-0.0617457351821261	0.2815730771010581	-0.4076661004369065
17:47:00	-0.07628167017013048	0.26718568494443207	-0.39949362302388164
17:48:00	-0.2143730525561715	0.35351003788418833	-0.26873398441548385
17:49:00	-0.15622931260415424	0.29596046925768416	-0.12980186839406116
17:50:00	-0.1780332150861607	0.18805502808298877	-0.12980186839406116
17:51:00	-0.1780332150861607	-0.042143246423028094	-0.1461468232201109
17:52:00	-0.1780332150861607	-0.16443607975434954	-0.1461468232201109
17:53:00	-0.1780332150861607	-0.21479195230254075	-0.1461468232201109
17:54:00	-0.15622931260415424	-0.21479195230254075	-0.15431930063313576
17:55:00	-0.18530118258016287	-0.22198564838085375	-0.10528443615498662
17:56:00	-0.2289089875441758	-0.21479195230254072	-0.10528443615498662
17:57:00	-0.15622931260415424	-0.23637304053747982	-0.09711195874196175
17:58:00	-0.15622931260415424	-0.22917934445916677	-0.11345691356801148
17:59:00	-0.14169337761614992	-0.22917934445916677	-0.04807709426381257
18:00:00	-0.14169337761614992	-0.21479195230254072	-0.04807709426381257
18:01:00	-0.18530118258016284	-0.22198564838085375	-0.056249571676837404
18:02:00	-0.19983711756816716	-0.22198564838085375	-0.031732139437762805
18:03:00	-0.1562293126041542	-0.22917934445916677	-0.031732139437762805
18:04:00	-0.17076524759215853	-0.2363730405374798	-0.031732139437762805
18:05:00	-0.17803321508616068	-0.3155036973989231	-0.039904616850787666
18:06:00	-0.17803321508616068	-0.5025397954350618	-0.03173213943776279
18:07:00	-0.15622931260415418	-0.5241208836700009	-0.03173213943776279
18:08:00	-0.14896134511015202	-0.5241208836700009	-0.06442204908986224
18:09:00	-0.12715744262814557	-0.5241208836700009	-0.06442204908986224
18:10:00	-0.12715744262814557	-0.5313145797483139	-0.06442204908986224
18:11:00	-0.12715744262814557	-0.5313145797483139	-0.05624957167683736
18:12:00	-0.1416933776161499	-0.5385082758266269	-0.03173213943776276
18:13:00	-0.1416933776161499	-0.4306028346519315	-0.023559662024737915
18:14:00	-0.19983711756816716	-0.4306028346519315	-0.023559662024737957
18:15:00	-0.34519646744821036	-0.4306028346519315	-0.06442204908986236
18:16:00	-0.3379284999542082	-0.4306028346519315	-0.08076700391591206
18:17:00	-0.30885662997819957	-0.4306028346519315	-0.08893948132893685
18:18:00	-0.30885662997819957	-0.5169271875916878	-0.2115266425243098
18:19:00	-0.36700036993021684	-0.5169271875916878	-0.33411380371968274
18:20:00	-0.36700036993021684	-0.5169271875916878	-0.3259413263066579
18:21:00	-0.36700036993021684	-0.5097334915133748	-0.30959637148060815
18:22:00	-0.36700036993021684	-0.5169271875916878	-0.3014238940675833
18:23:00	-0.3379284999542082	-0.5241208836700009	-0.3014238940675833
18:24:00	-0.3597324024362147	-0.5169271875916878	-0.3014238940675833
18:25:00	-0.3597324024362147	-0.4953460993567487	-0.3422862811327076
18:26:00	-0.38153630491822116	-0.5025397954350618	-0.3422862811327076
18:27:00	-0.41787614238823195	-0.5025397954350618	-0.35045875854573244
18:28:00	-0.2797847600021909	-0.5169271875916879	-0.35045875854573244
18:29:00	-0.29432069499019525	-0.5169271875916879	-0.41583857784993133
18:30:00	-0.29432069499019525	-0.5313145797483139	-0.41583857784993133
18:31:00	-0.2725167925081888	-0.5457019719049399	-0.42401105526295624
18:32:00	-0.2725167925081888	-0.5457019719049399	-0.44852848750203084
18:33:00	-0.3161245974722018	-0.5457019719049399	-0.44852848750203084
18:34:00	-0.30158866248419747	-0.5457019719049399	-0.44852848750203084
18:35:00	-0.3161245974722018	-0.5457019719049399	-0.44852848750203084
18:36:00	-0.3161245974722018	-0.5457019719049399	-0.46487344232808053
18:37:00	-0.3379284999542082	-0.5457019719049399	-0.44852848750203084
18:38:00	-0.3451964674482104	-0.5313145797483139	-0.35863123595875734
18:39:00	-0.36700036993021684	-0.5313145797483139	-0.36680371337178225
18:40:00	-0.36700036993021684	-0.5241208836700009	-0.36680371337178225
18:41:00	-0.3524644349422125	-0.5241208836700009	-0.3749761907848071
18:42:00	-0.34519646744821036	-0.5241208836700009	-0.3994936230238817
18:43:00	-0.34519646744821036	-0.6320263248446962	-0.3994936230238817
18:44:00	-0.34519646744821036	-0.6320263248446962	-0.40766610043690654
18:45:00	-0.34519646744821036	-0.6320263248446962	-0.40766610043690654
18:46:00	-0.3524644349422126	-0.6320263248446962	-0.40766610043690654
18:47:00	-0.3815363049182212	-0.5169271875916879	-0.40766610043690654
18:48:00	-0.3815363049182212	-0.4018280503386794	-0.4158385778499314
18:49:00	-0.3815363049182212	-0.4018280503386794	-0.42401105526295624
18:50:00	-0.34519646744821036	-0.4018280503386794	-0.4321835326759811
18:51:00	-0.3379284999542082	-0.4090217464169924	-0.44852848750203084
18:52:00	-0.30885662997819957	-0.3946343542603664	-0.45670096491505574
18:53:00	-0.33066053246020605	-0.31550369739892303	-0.45670096491505574
18:54:00	-0.31612459747220173	-0.30831000132061004	-0.45670096491505574
18:55:00	-0.31612459747220173	-0.32989108955554913	-0.47304591974110544
18:56:00	-0.31612459747220173	-0.3226973934772361	-0.47304591974110544
18:57:00	-0.3597324024362147	-0.3226973934772361	-0.47304591974110544
18:58:00	-0.49782378482225575	-0.20040456014591465	-0.47304591974110544
18:59:00	-0.49782378482225575	-0.1356612954410974	-0.47304591974110544
19:00:00	-0.49782378482225575	-0.12127390328447135	-0.47304591974110544
19:01:00	-0.5196276873042622	-0.11408020720615833	-0.47304591974110544
19:02:00	-0.5196276873042622	-0.11408020720615833	-0.47304591974110544
19:03:00	-0.5196276873042622	-0.11408020720615833	-0.39949362302388164
19:04:00	-0.5341636222922665	-0.11408020720615833	-0.39949362302388164
19:05:00	-0.5341636222922665	-0.11408020720615833	-0.26873398441548385
19:06:00	-0.5341636222922665	-0.11408020720615833	-0.06442204908986224
19:07:00	-0.5341636222922665	-0.11408020720615833	0.28699447967020664
19:08:00	-0.5268956547982644	-0.12846759936278437	0.35237429897440564
19:09:00	-0.5123597198102601	-0.12846759936278437	0.35237429897440564
19:10:00	-0.5123597198102601	-0.1356612954410974	0.35237429897440564
19:11:00	-0.5268956547982644	-0.1356612954410974	0.35237429897440564
19:12:00	-0.5341636222922665	-0.12846759936278437	0.3687192538004554
19:13:00	-0.5341636222922665	-0.12127390328447135	0.36054677638743055
19:14:00	-0.5341636222922665	-0.013368462109775936	0.36054677638743055
19:15:00	-0.5341636222922665	-0.013368462109775936	0.39323668603953
19:16:00	-0.5341636222922665	-0.013368462109775936	0.5239963246479278
19:17:00	-0.5341636222922665	-0.06372433465796713	0.5239963246479278
19:18:00	-0.5341636222922665	0.058568498673354286	0.5321688020609526
19:19:00	-0.5341636222922665	0.29596046925768416	0.5239963246479278
19:20:00	-0.5705034597622773	0.4542217829805708	0.5239963246479278
19:21:00	-0.5777714272562795	0.4542217829805708	0.5321688020609526
19:22:00	-0.6068432972322881	0.4398343908239447	0.5403412794739775
19:23:00	-0.5850393947502817	0.36789743004081443	0.5566862343000272
19:24:00	-0.5850393947502817	0.35351003788418844	0.5812036665391017
19:25:00	-0.5486995572802709	0.35351003788418844	0.5812036665391017
19:26:00	-0.41060817489422985	0.35351003788418844	0.5893761439521266
19:27:00	-0.3888042724122233	0.35351003788418844	0.6138935761912012
19:28:00	-0.3888042724122233	0.23121720455286687	0.6138935761912012
19:29:00	-0.3888042724122233	0.1664739398480497	0.6138935761912012
19:30:00	-0.34519646744821036	0.1520865476914236	0.6138935761912012
19:31:00	-0.29432069499019525	0.1448928516131106	0.630238531017251
19:32:00	-0.2870527274961931	0.1448928516131106	0.630238531017251
19:33:00	-0.2507128900261823	0.1448928516131106	0.5648587117130521
19:34:00	-0.24344492253218014	0.1520865476914236	0.5648587117130521
19:35:00	-0.24344492253218014	0.1592802437697366	0.4340990731046543
19:36:00	-0.24344492253218014	0.1592802437697366	0.23795961519205758
19:37:00	-0.24344492253218014	0.1592802437697366	-0.1298018683940612
19:38:00	-0.22164102005017364	0.1592802437697366	-0.2850789392415336
19:39:00	-0.23617695503817795	0.1592802437697366	-0.2850789392415336
19:40:00	-0.23617695503817795	0.1592802437697366	-0.2850789392415336
19:41:00	-0.22890898754417582	0.1592802437697366	-0.2850789392415336
19:42:00	-0.22890898754417582	0.1520865476914236	-0.2850789392415336
19:43:00	-0.22890898754417582	0.14489285161311055	-0.2850789392415336
19:44:00	-0.22890898754417582	0.03698741043841519	-0.2850789392415336
19:45:00	-0.22890898754417582	0.03698741043841519	-0.31776884889363305
19:46:00	-0.22890898754417582	0.03698741043841519	-0.44852848750203084
19:47:00	-0.19256915007416503	0.02260001828178909	-0.4321835326759811
19:48:00	-0.18530118258016287	-0.21479195230254072	-0.44035601008900593
19:49:00	-0.15622931260415424	-0.41621544249530545	-0.44035601008900593
19:50:00	-0.0908176051581348	-0.552895667983253	-0.4321835326759811
19:51:00	-0.010869962724111	-0.5169271875916879	-0.4321835326759811
19:52:00	0.040005809733904066	-0.4809587072001227	-0.4076661004369065
19:53:00	0.17082922462594302	-0.4234091385736185	-0.38314866819783194
19:54:00	0.2507768670599667	-0.3514721777904882	-0.35045875854573244
19:55:00	0.27984873703597535	-0.25795412877241886	-0.28507893924153355
19:56:00	0.23624093207196245	-0.17882347191097558	-0.19518168769826008
19:57:00	0.3016526395179818	-0.08530542289290624	-0.1461468232201109
19:58:00	0.38886824944600784	0.03698741043841521	-0.039904616850787694
19:59:00	0.48335182686803585	0.1448928516131106	0.08268254434458523
20:00:00	0.5051557293500424	0.2599919888661191	0.16440731847483386
20:01:00	0.5487635343140553	0.33912264572756234	0.25430457001810736
20:02:00	0.6141752417600748	0.4182533025890056	0.3523742989744057
20:03:00	0.6650510142180899	0.504577655528762	0.41775411827860454
20:04:00	0.6941228841940985	0.5909020084685183	0.5076513698218781
20:05:00	0.8467502015681438	0.6628389692516484	0.5975486213651515
20:06:00	0.9194298765081654	0.78513180258297	0.6629284406693505
20:07:00	0.9921095514481871	0.8642624594444132	0.7609981696256487
20:08:00	1.0211814214241957	0.9649742045407956	0.8754128534079968
20:09:00	1.0647892263882086	1.065685949637178	0.9489651501252206
20:10:00	1.1229329663402259	1.1592039986552471	1.047034879081519
20:11:00	1.1956126412802475	1.2599157437516295	1.1287596532117674
20:12:00	1.261024348726267	1.339046400613073	1.1859669951029415
20:13:00	1.3409719911602909	1.4181770574745163	1.2513468144071405
20:14:00	1.3918477636183058	1.5045014104142724	1.3167266337113392
20:15:00	1.4717954060523297	1.590825763354029	1.4311413174936873
20:16:00	1.5444750809923513	1.7706681653118546	1.521038569036961
20:17:00	1.57354695096836	1.8282177339383587	1.5864183883411598
20:18:00	1.6389586584143792	1.957704263347993	1.7171780269495576
20:19:00	1.6534945934023837	1.9936727437395583	1.807075278492831
20:20:00	1.668030528390388	2.0656097045226884	1.8806275752100547
20:21:00	1.6534945934023837	2.137546665305819	1.9378349171012288
20:22:00	1.6534945934023837	2.202289930010636	2.044077123470552
20:23:00	1.5880828859563643	2.2166773221672624	2.0849395105356763
20:24:00	1.6316906909203772	2.2454521064805144	2.150319329839875
20:25:00	1.6389586584143794	2.25983949863714	2.183009239491975
20:26:00	1.5953508534503662	2.2742268907937664	2.2156991491440743
20:27:00	1.5590110159803556	2.2814205868720796	2.2156991491440743
20:28:00	1.5444750809923513	2.231064714323888	2.2156991491440743
20:29:00	1.493599308534336	2.223871018245575	2.2483890587961737
20:30:00	1.486331341040334	2.180708841775697	2.264734013622223
20:31:00	1.486331341040334	2.195096233932323	2.2483890587961737
20:32:00	1.4645274385583273	2.216677322167262	2.2156991491440743
20:33:00	1.4427235360763209	2.223871018245575	2.1993541943180244
20:34:00	1.4790633735463319	2.202289930010636	2.1911817169049996
20:35:00	1.3991157311123081	2.202289930010636	2.1503193298398755
20:36:00	1.442723536076321	2.173515145697384	2.1258018976008004
20:37:00	1.5008672760283384	2.180708841775697	2.109456942774751
20:38:00	1.5226711785103448	2.144740361384132	2.0849395105356763
20:39:00	1.5590110159803556	2.1159655770708796	2.0767670331226515
20:40:00	1.5444750809923513	2.1015781849142536	2.052249600883577
20:41:00	1.5226711785103448	2.0728034006010017	2.044077123470552
20:42:00	1.529939146004347	2.0296412241311232	2.035904646057527
20:43:00	1.486331341040334	2.0080601358961845	2.035904646057527
20:44:00	1.5154032110163427	1.9936727437395583	2.044077123470552
20:45:00	1.529939146004347	2.0440286162877492	2.0113872138184528
20:46:00	1.5226711785103448	1.95051056726968	2.0195596912314775
20:47:00	1.5372071134983492	1.936123175113054	2.0277321686445022
20:48:00	1.5226711785103448	1.9289294790347409	1.9786973041663531
20:49:00	1.5590110159803556	1.9289294790347409	1.9868697815793779
20:50:00	1.5517430484863535	1.9289294790347409	1.9950422589924028
20:51:00	1.5444750809923513	1.8713799104082367	2.0113872138184523
20:52:00	1.5808149184623619	1.864186214329924	1.9705248267533284
20:53:00	1.5735469509683597	1.87857360648655	1.9541798719272785
20:54:00	1.580814918462362	1.871379910408237	1.8969725300361047
20:55:00	1.6389586584143794	1.8426051260949845	1.8642826203840053
20:56:00	1.6462266259083815	1.8210240378600457	1.8152477559058557
20:57:00	1.668030528390388	1.8138303417817325	1.807075278492831
20:58:00	1.6752984958843902	1.8282177339383587	1.7743853688407316
20:59:00	1.755246138318414	1.8210240378600457	1.6763156398844332
21:00:00	1.769782073306418	1.8210240378600457	1.6354532528193089
21:01:00	1.7552461383184137	1.8210240378600457	1.6109358205802344
21:02:00	1.7843180082944223	1.7850555574684805	1.692660594710483
21:03:00	1.7915859757884247	1.7850555574684805	1.758040414014682
21:04:00	1.8642656507284463	1.8210240378600457	1.7335229817756075
21:05:00	1.8715336182224487	1.8354114300166717	1.7662128914277067
21:06:00	1.84246174824644	1.8354114300166717	1.807075278492831
21:07:00	1.7843180082944226	1.8282177339383587	1.8234202333188807
21:08:00	1.769782073306418	1.8354114300166717	1.8315927107319057
21:09:00	1.7915859757884247	1.8210240378600455	1.8969725300361044
21:10:00	1.7770500408004204	1.8426051260949847	1.9378349171012288
21:11:00	1.7915859757884247	1.856992518251611	1.9541798719272787
21:12:00	1.7770500408004204	1.900154694721489	1.9541798719272787
21:13:00	1.8206578457644333	1.9433168711913669	1.9786973041663531
21:14:00	1.8424617482464398	1.936123175113054	1.9705248267533284
21:15:00	1.8206578457644333	1.8785736064865497	1.9705248267533284
21:16:00	1.806121910776429	1.8785736064865497	1.9296624396882038
21:17:00	1.7915859757884247	1.885767302564863	1.921489962275179
21:18:00	1.7843180082944223	1.864186214329924	1.9133174848621544
21:19:00	1.769782073306418	1.87857360648655	1.921489962275179
21:20:00	1.7479781708244118	1.871379910408237	1.9051450074491294
21:21:00	1.762514105812416	2.0943844888359404	1.8806275752100547
21:22:00	1.7407102033304094	2.0799970966793144	1.8724550977970298
21:23:00	1.7334422358364074	2.0440286162877497	1.8724550977970298
21:24:00	1.6534945934023835	2.0368349202094365	1.8888000526230797
21:25:00	1.5590110159803556	2.0152538319744973	1.9133174848621541
21:26:00	1.5662789834743578	2.0296412241311232	1.9051450074491294
21:27:00	1.6898344308723945	2.0152538319744973	1.929662439688204
21:28:00	1.668030528390388	1.9936727437395583	1.921489962275179
21:29:00	1.5662789834743576	1.9577042633479929	1.9541798719272785
21:30:00	1.5444750809923513	1.972091655504619	1.9705248267533284
21:31:00	1.5154032110163425	1.979285351582932	2.0195596912314775
21:32:00	1.5154032110163427	2.02244752805281	1.986869781579378
21:33:00	1.5590110159803556	2.0080601358961845	1.9460073945142535
21:34:00	1.4717954060523295	1.9936727437395583	1.929662439688204
21:35:00	1.4645274385583276	1.964897959426306	1.8888000526230795
21:36:00	1.4281876010883168	1.964897959426306	1.8397651881449304
21:37:00	1.4136516661003125	1.9864790476612453	1.790730323666781
21:38:00	1.3991157311123081	2.0152538319744973	1.798902801079806
21:39:00	1.3627758936422971	2.0656097045226884	1.7253505043625825
21:40:00	1.3991157311123081	2.0584160084443752	1.6844881172974582
21:41:00	1.3700438611362995	2.0656097045226884	1.7090055495365326
21:42:00	1.3773118286303014	2.0871907927576276	1.7171780269495576
21:43:00	1.3555079261482952	2.0440286162877492	1.7090055495365326
21:44:00	1.3046321536902798	2.0799970966793144	1.7171780269495576
21:45:00	1.30463215369028	2.0943844888359404	1.7253505043625825
21:46:00	1.3264360561722865	2.0871907927576276	1.7662128914277067
21:47:00	1.30463215369028	2.0584160084443752	1.758040414014682
21:48:00	1.2973641861962777	2.0440286162877492	1.7825578462537564
21:49:00	1.2755602837142712	2.0152538319744973	1.7416954591886322
21:50:00	1.3482399586542928	2.0008664398178713	1.7335229817756073
21:51:00	1.3119001211842822	1.8210240378600457	1.7171780269495576
21:52:00	1.4281876010883168	1.856992518251611	1.7008330721235079
21:53:00	1.5662789834743578	1.900154694721489	1.7008330721235079
21:54:00	1.5662789834743578	1.8929609986431757	1.6844881172974582
21:55:00	1.5953508534503664	1.964897959426306	1.684488117297458
21:56:00	1.893337520704455	1.9936727437395583	1.6599706850583833
21:57:00	1.7334422358364074	2.0008664398178713	1.6109358205802344
21:58:00	1.7479781708244118	2.0296412241311232	1.6191082979932592
21:59:00	1.7915859757884245	2.0799970966793144	1.5619009561020853
22:00:00	1.7843180082944226	2.0728034006010017	1.6109358205802344
22:01:00	1.8133898782704312	2.3245827633419576	1.5945908657541847
22:02:00	1.7479781708244118	2.468456684908218	1.5373835238630107
22:03:00	1.682566463378392	2.468456684908218	1.512866091623936
22:04:00	1.6607625608963859	2.49723146922147	1.4965211367978863
22:05:00	1.6462266259083815	2.490037773143157	1.5046936142109113
22:06:00	1.6534945934023837	2.468456684908218	1.4883486593848614
22:07:00	1.6462266259083815	2.42529450843834	1.463831227145787
22:08:00	1.6534945934023837	2.3965197241250875	1.3739339756025133
22:09:00	1.6316906909203772	2.3677449398118355	1.3575890207764636
22:10:00	1.6026188209443686	2.3389701554985836	1.3248991111243642
22:11:00	1.5880828859563643	2.3245827633419576	1.2676917692331902
22:12:00	1.5662789834743578	2.2598394986371404	1.2268293821680658
22:13:00	1.5444750809923513	2.2598394986371404	1.169622040276892
22:14:00	1.5226711785103448	2.2454521064805144	1.1287596532117674
22:15:00	1.5008672760283384	2.18790253785401	1.0633798339075686
22:16:00	1.4645274385583273	2.137546665305819	0.9980000146033697
22:17:00	1.4717954060523295	2.1015781849142536	0.9571376275382456
22:18:00	1.449991503570323	2.0368349202094365	0.8999302856470716
22:19:00	1.7189063008484031	2.0224475280528105	0.8835853308210218
22:20:00	1.6462266259083815	2.0008664398178713	0.8672403759949718
22:21:00	1.6462266259083815	1.9720916555046193	0.8590678985819471
22:22:00	1.5008672760283381	1.907348390799802	0.8100330341037979
22:23:00	1.3337040236662887	1.8354114300166717	0.7773431244516985
22:24:00	1.5008672760283381	1.7850555574684803	0.7609981696256489
22:25:00	1.4935993085343362	1.7131185966853502	0.6956183503214498
22:26:00	1.173808738798241	1.633987939823907	0.6792733954954002
22:27:00	1.1956126412802475	1.5908257633540288	0.6629284406693504
22:28:00	1.173808738798241	1.5332761947275246	0.5975486213651515
22:29:00	1.1592728038102367	1.4541455378660815	0.6138935761912012
22:30:00	1.1447368688222324	1.382208577082951	0.5239963246479277
22:31:00	1.1011290638582194	1.09446073395043	0.48313393758280343
22:32:00	1.1374689013282302	0.8642624594444133	0.45861650534372883
22:33:00	1.1374689013282302	0.813906586896222	0.4259265956916294
22:34:00	1.1956126412802477	0.7347759300347787	0.45861650534372883
22:35:00	1.2028806087742496	0.7131948417998397	0.4667889827567537
22:36:00	1.1956126412802477	0.7419696261130917	0.4831339375828034
22:37:00	1.2392204462442606	0.7347759300347787	0.48313393758280343
22:38:00	1.2319524787502583	0.6916137535649006	0.4994788924088531
22:39:00	1.217416543762254	0.6628389692516485	0.5239963246479277
22:40:00	1.224684511256256	0.6268704888600833	0.5485137568870022
22:41:00	1.253756381232265	0.5909020084685184	0.5321688020609525
22:42:00	1.2464884137382626	0.5909020084685181	0.5566862343000273
22:43:00	1.2392204462442604	0.5909020084685181	0.5730311891260769
22:44:00	1.2464884137382626	0.533352439842014	0.6057210987781763
22:45:00	1.224684511256256	0.533352439842014	0.6138935761912012
22:46:00	1.2319524787502583	0.518965047685388	0.5975486213651515
22:47:00	1.1956126412802475	0.5117713516070749	0.5975486213651514
22:48:00	1.2101485762682518	0.5189650476853879	0.5566862343000272
22:49:00	0.9703056489661805	0.5117713516070749	0.5239963246479278
22:50:00	1.1665407713042388	0.4686091751371967	0.5076513698218781
22:51:00	1.2392204462442604	0.4398343908239447	0.5158238472349028
22:52:00	1.2464884137382628	0.4182533025890056	0.5076513698218781
22:53:00	1.2319524787502583	0.4110596065106925	0.49130641499582833
22:54:00	1.0575212588942065	0.3966722143540665	0.450444027930704
22:55:00	1.0066454864361913	0.35351003788418833	0.4340990731046543
22:56:00	1.0066454864361916	0.34631634180587534	0.4014091634525549
22:57:00	1.086593128870215	0.3247352535709363	0.37689173121348024
22:58:00	1.086593128870215	0.30315416533599715	0.40140916345255484
22:59:00	1.086593128870215	0.3031541653359972	0.35237429897440575
23:00:00	1.1011290638582194	0.3103478614143102	0.336029344148356
23:01:00	1.1229329663402259	0.24560459670949294	0.27882200225718196
23:02:00	1.1083970313522216	0.23841090063117995	0.24613209260508243
23:03:00	1.166540771304239	0.22402350847455385	0.22161466036600785
23:04:00	1.1011290638582194	0.20244242023961476	0.17257979588785874
23:05:00	1.1447368688222324	0.1736676359263627	0.11537245399668469
23:06:00	1.130200933834228	0.09453697906491945	0.11537245399668467
23:07:00	1.079325161376213	0.058568498673354286	0.11537245399668464
23:08:00	1.0575212588942065	0.03698741043841519	0.08268254434458522
23:09:00	1.086593128870215	0.008212626125163144	0.01730272504038627
23:10:00	1.086593128870215	-0.0061747660314629416	-0.048077094263812625
23:11:00	1.0575212588942067	-0.020562158188088986	-0.08893948132893689
23:12:00	1.0793251613762131	-0.027755854266402036	-0.14614682322011088
23:13:00	1.1156649988462237	-0.07091803073628017	-0.18700921028523526
23:14:00	1.1156649988462237	-0.09249911897121926	-0.25238902958943416
23:15:00	1.1229329663402259	-0.12127390328447135	-0.2850789392415336
23:16:00	1.1083970313522216	-0.13566129544109734	-0.3014238940675833
23:17:00	1.1156649988462237	-0.16443607975434954	-0.3259413263066579
23:18:00	1.1592728038102367	-0.19321086406760163	-0.317768848893633
23:19:00	1.1011290638582196	-0.22917934445916677	-0.33411380371968274
23:20:00	0.8758220715441525	-0.23637304053747976	-0.3668037133717822
23:21:00	0.7668025591341201	-0.2723415209290449	-0.40766610043690654
23:22:00	0.7449986566521135	-0.301116305242297	-0.4158385778499314
23:23:00	0.7231947541701071	-0.3226973934772361	-0.42401105526295624
23:24:00	0.7013908516881007	-0.2651478248507319	-0.4158385778499314
23:25:00	0.9412337789901719	-0.27953521700735795	-0.40766610043690654
23:26:00	1.1374689013282304	-0.31550369739892303	-0.3913211456108568
23:27:00	1.0211814214241957	-0.3370847856338621	-0.37497619078480704
23:28:00	0.9848415839541849	-0.3514721777904882	-0.38314866819783194
23:29:00	1.0139134539301935	-0.3802469621037403	-0.38314866819783194
23:30:00	1.217416543762254	-0.3946343542603663	-0.39949362302388164
23:31:00	1.159272803810237	-0.3946343542603663	-0.3913211456108568
23:32:00	1.1652876734604454	-0.3874406581820533	-0.38399409689573105
23:33:00	1.0938610963642172	-0.31550369739892303	-0.37614368755809635
23:34:00	1.1083970313522218	-0.3370847856338621	-0.3767922968765904
23:35:00	1.0468988448645111	-0.3442784817121751	-0.36806101758917065
23:36:00	1.0604284458918074	-0.3586658738688012	-0.41747307333253636
23:37:00	1.0684232101352098	-0.3658595699471142	-0.440356010089006
23:38:00	1.094177094950913	-0.37305326602542727	-0.4332495079907235
23:39:00	1.0971647179524	-0.3946343542603663	-0.42549696024714256
23:40:00	1.1135884367050803	-0.39463435426036636	-0.41700607462322065
23:41:00	1.1520048363162345	-0.41621544249530545	-0.40766610043690654
23:42:00	1.1669232959091862	-0.4306028346519315	-0.39734297107308564
23:43:00	1.1762313946295748	-0.44499022680855754	-0.3858728273355069
23:44:00	1.2319524787502583	-0.4521839228868706	-0.37305325492291885
23:45:00	1.2982726821330282	-0.4593776189651836	-0.35863123595875734
23:46:00	1.3845797961243038	-0.4593776189651836	-0.34228628113270765
23:47:00	1.493599308534336	-0.4593776189651836	-0.34111878435941834
23:48:00	1.4874494898855648	-0.4593776189651836	-0.33977167269793074
23:49:00	1.6462266259083815	-0.4593776189651836	-0.317768848893633
23:50:00	1.7915859757884247	-0.4593776189651836	-0.2917655116703721
23:51:00	2.0314289030904957	-0.4593776189651836	-0.26056150700245906
23:52:00	2.2858077653805715	-0.4593776189651836	-0.2496648704517592
23:53:00	2.614683294484169	-0.4593776189651836	-0.23604407476338443
23:54:00	2.9700349908873465	-0.5313145797483139	-0.2535565263627234
23:55:00	2.3657554078145955	-0.5313145797483139	-0.27690646182850875
23:56:00	1.529939146004347	-0.5313145797483139	-0.3095963714806082
23:57:00	1.9115074394394602	-0.5169271875916878	-0.35863123595875734
23:58:00	2.620134270104671	-0.5169271875916878	-0.5220807842192546
23:59:00	3.0562123197448	-0.5169271875916878	-0.4812183971541303
00:00:00	-0.33647490645540784	-0.5514569287675902	-0.4076661004369065
